sample_1,52,26,84,76,77,87,55,66,51,22,79,56,35,87,83,96,23,74,63,98,34,42,21,62,58,14
sample_2,65,17,75,72,93,9,10,47,48,36,72,56,56,39,74,57,89,3,48,9,9,80,73,32,24,25
sample_3,44,42,21,23,57,85,53,13,73,78,7,35,42,67,24,9,38,15,4,41,21,12,94,74,68,41
sample_4,59,54,4,49,25,7,70,93,99,20,34,16,42,9,33,86,48,39,2,31,37,48,38,12,35,36
sample_5,9,82,43,60,30,83,76,32,31,29,20,94,42,31,20,86,59,4,68,44,17,9,3,92,5,67
sample_6,11,25,86,17,17,94,25,22,29,83,31,81,81,45,33,44,47,42,14,46,66,96,10,57,71,42
sample_7,27,4,83,71,21,97,20,32,58,51,9,69,72,61,17,42,4,17,19,88,3,85,88,76,92,4
sample_8,95,75,55,0,70,40,92,6,4,47,47,40,33,16,13,14,71,61,63,26,20,13,69,2,26,57
sample_9,6,30,46,2,7,86,75,22,12,21,96,64,42,97,8,89,3,56,74,84,67,56,95,15,3,11
sample_10,60,37,0,33,79,41,74,69,65,23,61,6,64,96,16,81,47,32,31,56,91,52,4,72,78,38
sample_11,80,38,92,1,6,47,77,39,64,45,56,7,22,50,71,9,11,35,71,7,52,56,13,24,57,37
sample_12,73,71,64,48,64,98,4,49,90,32,2,25,28,57,79,32,83,32,98,79,50,73,40,5,55,70
sample_13,1,49,12,58,22,34,71,47,73,33,94,37,26,99,97,64,94,17,29,92,51,67,96,34,48,37
sample_14,46,95,50,27,12,64,57,35,1,44,96,74,22,35,1,55,63,12,88,77,72,30,87,45,90,62
sample_15,19,80,83,49,28,62,6,56,51,79,94,59,48,73,97,44,20,92,1,19,82,4,66,11,98,84
sample_16,58,66,70,59,94,96,77,45,42,8,14,42,31,20,72,13,17,44,31,49,73,7,9,39,87,6
sample_17,18,46,97,83,11,21,28,64,84,54,65,9,24,18,25,56,74,69,85,22,65,32,7,21,98,94
sample_18,66,12,96,72,36,84,70,33,26,97,11,71,90,12,27,97,81,34,67,91,91,73,30,6,7,13
sample_19,36,84,31,8,41,22,57,81,76,75,93,16,70,44,11,79,55,21,5,68,50,0,81,29,63,94
sample_20,45,41,83,24,79,96,60,29,61,94,42,51,61,11,97,56,8,93,6,16,83,77,27,79,66,24
sample_21,92,92,9,35,22,6,94,8,30,40,95,36,32,22,29,18,19,47,97,61,37,89,99,21,44,18
sample_22,68,5,43,40,88,94,6,44,60,23,30,28,80,98,42,27,93,52,96,63,16,94,91,37,62,72
sample_23,42,23,17,70,20,2,83,15,69,37,59,3,22,96,56,81,47,52,36,19,40,37,87,78,14,75
sample_24,29,55,5,58,84,36,45,33,57,50,57,4,65,49,2,44,3,91,4,28,27,93,25,96,15,23
sample_25,16,77,51,19,12,40,11,51,76,71,83,93,40,47,64,63,69,24,85,15,47,72,5,19,37,38
sample_26,28,55,94,44,44,53,73,13,15,66,64,61,42,60,98,11,8,86,47,8,99,70,78,47,79,51
sample_27,64,7,42,1,19,70,47,88,71,38,52,46,97,21,14,9,57,94,72,59,64,4,84,40,27,13
sample_28,91,35,23,54,73,6,18,39,89,19,72,34,62,92,39,82,18,32,47,64,36,9,86,92,43,2
sample_29,49,9,36,99,87,90,49,87,81,68,33,6,84,46,16,83,63,90,84,81,46,96,99,78,87,27
sample_30,36,69,41,27,46,60,11,45,18,84,38,54,62,63,77,86,87,50,68,58,66,63,52,18,45,75
sample_31,78,89,79,26,27,58,46,62,14,23,65,70,59,33,20,14,38,89,59,62,17,57,94,80,82,77
sample_32,31,64,28,53,83,67,45,72,89,90,7,87,40,62,7,68,57,45,27,17,89,50,94,22,57,80
sample_33,91,37,77,81,22,85,97,85,97,4,60,44,49,92,57,35,94,41,15,21,53,32,19,91,23,11
sample_34,18,93,50,21,69,61,16,93,93,62,17,97,93,9,45,40,84,90,63,14,25,16,23,38,13,66
sample_35,37,67,91,87,79,26,51,9,24,78,99,26,46,83,85,59,74,9,12,81,51,65,63,35,84,15
sample_36,94,5,41,79,57,32,42,18,44,71,83,10,57,12,40,20,97,20,11,85,63,29,83,91,31,21
sample_37,82,47,57,93,9,29,43,75,6,13,37,7,78,4,6,93,8,75,20,73,4,8,2,33,38,8
sample_38,57,57,42,71,4,18,33,47,74,41,79,3,71,70,87,15,9,35,46,25,74,65,17,45,2,80
sample_39,84,62,46,44,88,41,14,53,24,65,54,64,54,1,56,91,43,12,10,30,12,16,37,9,88,29
sample_40,62,86,77,81,15,33,24,67,45,35,85,92,66,71,59,5,39,70,15,98,6,1,94,71,67,12
sample_41,23,61,52,32,65,0,35,65,42,26,67,85,58,18,45,28,58,62,27,13,81,2,21,15,65,12
sample_42,11,76,29,13,36,56,84,17,56,72,19,24,80,8,43,33,24,16,79,40,69,97,69,11,78,53
sample_43,71,14,98,81,25,31,7,13,73,73,37,52,83,5,43,75,75,61,65,20,52,16,40,61,84,39
sample_44,5,99,61,58,71,48,66,45,50,30,74,41,34,35,29,19,24,48,92,83,58,78,15,95,28,53
sample_45,53,71,99,62,88,41,4,77,93,70,25,72,75,57,43,49,75,4,36,69,97,4,20,65,31,52
sample_46,82,81,94,1,61,80,79,28,37,81,13,54,13,89,88,92,45,29,51,4,44,51,85,96,54,7
sample_47,10,63,28,47,78,21,51,15,36,81,25,16,67,80,66,32,37,21,18,6,72,58,20,97,75,77
sample_48,2,39,13,31,58,20,52,22,64,19,85,83,97,74,65,17,51,58,72,33,82,79,30,99,33,32
sample_49,30,49,55,50,92,86,37,24,60,54,78,53,80,63,57,87,45,57,37,36,15,96,79,78,1,29
sample_50,72,43,41,19,86,98,45,28,83,8,64,38,88,15,3,15,68,64,32,93,86,37,60,41,61,53
sample_51,78,54,85,29,9,5,9,90,79,78,54,78,57,26,1,60,73,57,78,49,65,8,75,58,47,77
sample_52,81,78,60,32,90,31,30,88,41,10,4,14,46,19,39,19,97,79,9,4,98,28,34,0,36,6
sample_53,27,5,38,57,58,67,51,88,31,48,25,77,0,88,63,42,31,84,92,24,24,34,42,47,12,57
sample_54,98,99,74,19,30,55,29,37,87,59,7,95,84,3,85,28,57,35,6,34,92,0,50,41,94,74
sample_55,13,50,68,52,87,10,98,87,6,11,68,91,10,83,87,49,29,72,75,3,36,34,84,88,44,22
sample_56,71,62,0,66,97,54,25,56,33,93,39,46,23,78,71,21,98,97,37,2,63,88,56,42,24,47
sample_57,32,19,79,54,42,46,47,10,61,24,12,21,26,96,3,72,7,26,71,1,86,27,84,6,76,70
sample_58,82,52,94,42,59,8,84,7,65,44,58,14,64,44,86,17,62,37,39,9,38,0,33,44,81,73
sample_59,49,87,80,79,48,68,18,55,20,20,31,48,47,41,46,17,60,16,94,57,53,17,31,1,90,40
sample_60,61,59,22,70,87,84,53,58,75,85,26,62,60,22,50,60,39,97,6,34,39,92,36,27,52,17
sample_61,72,17,0,61,57,87,87,6,13,37,99,47,55,78,44,4,29,49,19,44,23,63,21,74,13,94
sample_62,70,59,87,72,47,13,11,65,80,37,60,31,53,30,43,3,63,86,62,33,63,19,39,87,71,76
sample_63,65,34,72,11,21,54,60,52,59,7,22,6,90,18,28,9,51,93,85,46,24,66,50,97,62,70
sample_64,32,46,26,83,96,35,65,26,40,22,81,67,86,18,50,75,31,42,81,78,75,22,47,77,73,54
sample_65,4,56,36,44,76,3,64,42,0,87,57,25,26,91,37,63,29,16,27,40,57,79,92,74,81,42
sample_66,20,57,58,42,98,22,58,69,92,25,64,65,84,51,54,23,74,63,38,91,32,50,30,85,79,68
sample_67,4,25,92,46,93,39,43,19,64,57,42,41,46,91,76,75,29,53,83,40,54,31,42,42,16,5
sample_68,66,67,29,42,71,1,0,80,69,86,77,87,87,89,83,88,69,1,8,52,39,39,0,18,93,58
sample_69,8,59,36,85,62,7,34,24,42,87,32,70,86,4,29,54,10,26,55,94,91,66,82,43,29,78
sample_70,17,81,3,49,19,92,84,46,62,43,4,39,1,10,64,10,71,80,10,2,57,8,14,76,78,43
sample_71,29,83,50,30,39,76,55,69,99,99,81,48,8,69,3,82,42,48,86,97,12,19,4,51,88,38
sample_72,53,20,96,71,96,76,65,80,17,91,75,4,9,84,35,9,16,26,11,76,5,7,76,23,72,36
sample_73,88,70,91,12,99,76,69,15,59,17,11,82,48,52,67,87,90,82,76,18,43,73,0,19,60,85
sample_74,52,86,54,97,84,8,78,67,28,5,60,84,67,55,15,29,55,33,2,49,93,52,22,97,6,87
sample_75,55,97,18,9,26,66,91,8,80,48,3,63,63,77,40,36,36,64,77,43,77,91,26,82,26,98
sample_76,3,51,0,30,48,35,72,7,59,84,51,90,43,31,59,59,39,14,77,98,38,28,35,44,80,82
sample_77,52,88,42,80,33,12,34,13,19,89,68,57,40,42,63,55,41,69,61,79,99,90,42,22,71,54
sample_78,65,36,32,94,83,48,10,72,63,57,85,31,12,92,52,68,4,7,95,2,80,93,61,44,81,23
sample_79,38,95,76,35,25,39,19,60,82,7,34,17,59,93,29,15,75,39,9,87,31,94,97,33,96,81
sample_80,97,62,64,83,7,3,47,58,19,18,63,83,59,9,58,3,13,5,88,64,66,99,9,23,53,99
sample_81,55,23,52,86,41,52,70,82,6,22,4,45,48,80,45,35,23,76,84,75,81,5,69,71,26,98
sample_82,14,68,22,99,33,47,82,10,87,65,67,34,15,75,7,8,15,18,99,69,19,24,25,9,3,54
sample_83,78,20,39,20,62,67,13,47,3,86,55,18,39,25,98,33,28,23,23,49,99,93,89,80,12,93
sample_84,71,24,91,76,71,76,25,8,1,81,81,45,16,86,59,48,93,81,15,54,15,68,66,93,21,68
sample_85,10,29,37,64,30,39,95,93,72,85,25,86,19,58,22,75,65,65,66,85,72,76,99,28,80,43
sample_86,87,91,55,63,54,50,45,11,89,61,31,23,18,81,20,39,73,27,44,36,32,65,7,65,87,41
sample_87,9,48,96,83,78,17,40,14,35,43,23,59,96,24,92,38,97,13,95,95,67,26,94,79,56,51
sample_88,89,96,93,44,53,55,21,22,34,35,51,57,75,82,25,33,41,23,53,37,94,49,14,6,80,10
sample_89,55,71,85,4,62,95,83,5,93,8,58,58,95,10,39,50,37,43,38,31,25,10,43,44,47,1
sample_90,84,86,30,10,15,84,65,2,25,34,26,95,22,41,19,29,71,3,91,82,10,91,98,51,23,29
sample_91,90,64,12,38,80,90,10,26,44,86,0,12,1,83,80,77,65,41,55,43,0,91,98,73,37,56
sample_92,15,23,17,34,58,46,4,26,61,59,7,53,53,12,60,94,82,86,77,48,25,63,68,29,84,25
sample_93,19,51,13,52,8,16,40,38,35,31,15,3,18,38,37,66,92,10,78,30,62,98,17,92,52,15
sample_94,11,8,9,72,8,22,64,81,12,15,63,14,31,44,55,82,6,43,91,25,75,64,13,46,45,21
sample_95,63,75,61,15,69,99,49,12,86,35,60,53,42,35,25,87,64,0,89,85,75,65,3,94,93,99
sample_96,66,85,56,62,0,95,74,82,27,81,49,90,36,83,44,35,72,31,13,92,55,11,55,36,60,33
sample_97,99,27,46,44,13,66,93,57,44,21,12,75,38,29,78,8,80,53,94,96,38,62,32,94,83,19
sample_98,79,85,23,44,81,95,75,56,74,9,30,79,71,98,58,51,5,36,94,13,78,91,63,79,66,66
sample_99,65,70,79,90,15,16,70,18,16,32,14,3,10,33,40,21,85,74,49,7,99,36,30,86,1,48
sample_100,83,94,60,58,8,69,49,82,74,72,1,87,82,48,48,54,39,12,11,30,50,95,22,61,29,80
sample_101,39,74,30,39,97,66,91,87,94,10,46,73,89,72,23,56,51,76,59,79,58,47,42,89,5,94
sample_102,96,31,22,8,38,18,4,18,50,26,10,10,27,79,46,26,29,12,53,60,70,82,47,41,3,80
sample_103,57,8,47,3,81,60,1,84,12,59,22,60,63,85,34,96,10,98,97,97,10,85,48,77,53,77
sample_104,41,47,8,98,70,5,25,44,56,8,17,68,58,73,68,62,87,13,35,49,70,64,13,80,66,64
sample_105,49,65,49,49,51,56,62,31,26,88,24,75,3,60,31,29,26,3,91,64,85,24,65,8,7,96
sample_106,27,45,21,62,10,28,97,35,5,41,47,78,24,2,6,22,16,80,29,25,78,39,84,30,5,76
sample_107,53,78,36,46,73,75,30,31,21,31,93,81,75,45,99,90,5,54,23,10,81,53,24,41,74,69
sample_108,77,41,82,71,51,79,90,77,58,70,75,97,35,56,13,38,16,28,44,90,53,61,58,62,48,60
sample_109,37,20,15,95,20,69,16,35,58,55,88,6,81,95,63,37,80,40,39,6,5,90,92,58,72,81
sample_110,67,93,49,11,47,81,1,21,75,40,30,54,65,0,53,25,66,51,83,66,62,7,42,1,85,20
sample_111,28,95,92,54,45,80,13,56,53,74,33,62,45,57,55,1,76,3,60,52,46,18,87,99,30,17
sample_112,13,34,8,46,15,28,22,15,18,9,90,49,32,59,30,33,76,97,56,4,80,58,50,70,27,22
sample_113,14,91,3,24,0,48,1,75,13,15,9,84,48,77,48,80,35,60,89,62,72,5,27,85,17,63
sample_114,87,92,25,90,8,8,71,31,89,26,90,6,72,99,16,30,66,37,61,90,5,49,84,21,28,43
sample_115,69,75,40,45,56,27,18,99,15,18,39,49,31,5,47,38,49,98,90,20,20,40,85,94,12,14
sample_116,98,21,40,60,92,65,64,6,14,91,6,36,40,14,78,48,17,69,55,95,95,70,19,6,48,19
sample_117,35,82,81,30,16,46,92,30,26,26,33,0,50,68,34,12,34,45,27,6,13,67,29,46,15,78
sample_118,76,24,32,38,88,2,33,85,96,74,44,53,46,83,63,54,93,53,31,27,45,14,78,73,63,89
sample_119,5,87,70,53,40,83,57,43,23,82,92,41,37,73,55,56,84,15,81,7,50,37,79,45,37,68
sample_120,9,76,56,82,9,99,67,12,14,18,92,94,53,31,89,96,73,47,2,22,10,25,21,24,12,42
sample_121,88,67,97,93,7,76,1,58,82,19,90,81,21,82,82,63,15,41,30,14,69,96,35,34,39,15
sample_122,34,24,91,95,16,29,21,84,94,49,11,37,94,26,55,97,53,51,88,54,62,56,9,23,44,66
sample_123,69,88,44,15,22,49,97,48,54,21,66,47,11,94,45,37,58,14,72,31,51,44,32,68,5,60
sample_124,22,47,87,24,53,74,11,95,53,77,37,43,94,42,36,52,90,50,30,91,62,51,31,38,42,3
sample_125,91,75,94,76,58,1,79,12,53,66,64,72,23,25,50,2,23,92,58,97,99,13,4,44,95,51
sample_126,39,48,10,64,68,99,18,48,92,56,42,17,60,82,63,49,59,15,53,36,55,64,50,28,27,80
sample_127,68,44,72,69,9,35,14,1,27,61,3,67,34,37,91,51,31,97,18,88,4,26,49,20,27,44
sample_128,41,63,86,24,88,56,94,82,34,26,52,50,88,54,1,51,51,65,64,87,8,5,88,61,42,78
sample_129,63,74,7,45,29,27,1,47,5,6,76,56,79,65,64,97,76,35,37,25,11,81,16,91,72,87
sample_130,26,61,66,81,18,60,8,94,41,36,25,68,43,61,84,10,60,31,21,80,97,16,50,97,92,25
sample_131,52,63,91,74,95,26,16,89,65,77,89,13,59,7,34,18,9,0,36,92,37,41,72,50,35,22
sample_132,83,40,6,66,16,14,18,25,31,74,47,71,38,64,77,57,64,24,77,76,20,44,98,85,66,39
sample_133,44,81,34,85,88,14,10,62,42,16,37,78,76,42,57,42,29,17,47,74,77,20,22,92,36,34
sample_134,42,95,37,1,62,70,15,3,14,42,15,28,61,21,20,90,92,43,68,78,57,89,13,70,75,85
sample_135,15,8,74,63,15,29,37,39,63,57,24,19,42,27,93,80,42,61,31,67,23,0,19,5,98,99
sample_136,15,14,27,98,34,27,49,29,10,28,78,75,2,31,81,15,20,62,98,83,60,73,92,27,81,12
sample_137,6,24,56,9,53,9,31,46,21,14,72,42,73,18,9,47,67,31,90,86,89,51,90,28,16,21
sample_138,4,58,5,97,55,41,10,84,98,26,8,48,71,40,33,26,63,48,97,73,41,50,83,67,86,81
sample_139,21,7,11,0,12,22,54,34,27,46,30,4,63,22,58,97,57,17,13,87,28,22,53,78,14,29
sample_140,14,49,92,76,14,38,43,96,75,43,3,63,0,38,31,62,30,75,50,47,75,66,40,70,20,81
sample_141,49,24,31,22,20,11,28,37,99,66,23,33,56,92,30,24,52,74,71,77,92,58,76,91,68,91
sample_142,45,74,89,15,7,0,30,68,62,42,26,18,72,94,65,91,5,86,62,68,27,64,13,54,92,40
sample_143,98,42,97,48,48,31,87,59,69,5,38,40,30,62,43,5,15,91,25,78,84,78,86,75,34,31
sample_144,35,73,10,85,92,56,21,90,78,88,69,22,28,0,47,23,12,65,21,68,18,74,0,5,98,27
sample_145,1,78,59,32,45,93,60,20,9,90,2,40,14,83,65,45,27,95,36,77,41,62,85,14,5,59
sample_146,24,27,20,59,83,48,97,18,89,71,10,49,34,91,27,3,97,84,78,40,14,69,6,60,63,72
sample_147,10,99,82,19,80,0,90,28,38,77,45,9,6,82,46,83,76,83,6,81,31,80,26,38,52,21
sample_148,96,17,4,87,38,83,21,59,39,79,28,9,63,27,80,8,17,23,7,86,28,75,32,82,1,66
sample_149,74,15,91,27,63,24,36,30,53,83,71,86,50,86,33,50,74,38,1,15,77,45,42,38,46,86
sample_150,1,73,67,89,89,17,30,2,15,66,14,47,26,55,0,46,3,7,72,87,55,88,44,34,77,6
sample_151,41,38,12,10,32,77,32,65,45,45,13,91,52,2,50,11,27,52,51,79,84,19,72,35,72,93
sample_152,57,11,1,22,60,72,49,23,58,93,57,29,43,13,29,86,31,65,38,62,87,5,15,90,8,89
sample_153,69,22,27,54,54,94,50,7,88,63,4,8,63,50,40,5,1,8,49,2,23,24,18,48,20,25
sample_154,95,63,24,27,25,51,72,80,48,16,74,89,71,66,39,44,13,53,56,29,84,8,58,45,24,60
sample_155,65,80,79,31,55,1,64,44,93,29,79,18,54,29,25,27,54,5,7,64,5,32,17,31,68,65
sample_156,15,75,40,76,48,14,30,3,23,22,48,31,85,73,87,61,14,47,2,24,34,77,40,37,85,57
sample_157,40,65,21,55,77,19,47,63,10,37,90,16,93,40,53,12,67,7,26,46,47,26,53,59,70,17
sample_158,79,83,31,56,13,35,2,12,67,53,0,61,63,69,87,35,56,7,99,99,8,32,96,89,45,81
sample_159,18,29,19,96,17,44,28,79,52,37,0,91,29,56,65,54,98,38,48,6,86,66,83,49,90,53
sample_160,27,42,83,70,1,55,93,85,38,27,6,74,13,11,0,57,15,43,13,63,47,91,22,42,22,47
sample_161,26,8,8,96,42,41,65,0,17,48,8,89,22,40,65,47,88,78,29,89,30,8,29,66,49,61
sample_162,76,77,61,98,20,99,72,69,58,38,61,10,29,73,5,45,75,17,55,44,80,32,60,48,92,36
sample_163,25,83,1,92,97,10,87,83,30,32,67,41,51,10,36,71,83,58,65,29,83,22,94,1,44,35
sample_164,11,81,4,45,1,96,93,84,41,6,9,87,84,98,52,83,15,89,92,7,24,51,35,10,69,66
sample_165,14,54,21,33,72,78,29,12,92,96,52,43,52,87,14,18,64,48,65,92,96,84,58,35,51,9
sample_166,72,74,10,1,46,20,36,95,98,82,50,8,72,52,91,10,63,48,50,44,32,31,77,19,2,54
sample_167,98,81,18,2,56,25,17,34,85,92,91,17,87,4,67,31,36,36,33,78,9,60,47,38,58,36
sample_168,80,75,16,63,52,39,36,31,12,77,28,4,79,12,65,87,26,2,74,60,24,50,23,54,82,49
sample_169,59,68,98,23,13,60,25,50,84,63,26,88,99,33,81,64,36,52,92,39,72,94,50,8,37,36
sample_170,74,69,51,4,55,94,64,65,24,17,27,76,69,31,21,92,77,59,0,43,7,8,26,33,10,93
sample_171,48,72,48,1,44,71,20,84,85,46,70,88,68,55,93,16,38,76,83,76,61,4,63,23,84,15
sample_172,86,45,68,15,45,69,16,36,14,76,80,92,50,59,19,89,15,81,95,46,26,77,49,22,78,5
sample_173,11,97,17,83,89,27,0,20,99,0,87,84,48,40,36,18,76,34,61,66,45,27,65,23,18,90
sample_174,2,55,85,4,63,73,94,6,91,49,89,41,30,32,72,86,53,50,92,23,89,16,23,16,83,16
sample_175,50,28,61,37,74,92,15,40,51,68,39,19,2,67,15,42,98,38,80,44,98,32,12,92,4,27
sample_176,92,46,33,11,39,38,75,36,28,87,76,29,35,45,9,55,80,15,14,16,28,47,59,93,37,24
sample_177,5,45,48,27,46,80,75,2,81,72,2,36,1,23,55,96,92,26,25,7,45,26,50,78,38,46
sample_178,20,1,83,24,41,52,80,63,94,82,83,62,8,2,91,54,90,98,4,55,7,57,11,59,68,29
sample_179,72,87,7,89,1,11,44,31,83,75,95,50,34,77,7,87,45,12,41,35,15,90,61,91,31,4
sample_180,0,0,66,2,37,37,6,95,40,75,68,86,52,16,52,87,80,90,47,35,9,1,93,40,5,90
sample_181,41,65,39,2,45,81,16,42,66,6,84,82,86,80,96,2,20,64,85,16,42,90,16,17,38,88
sample_182,74,6,45,78,26,19,2,41,48,61,93,11,74,1,66,27,76,49,71,39,44,20,40,23,95,11
sample_183,81,82,22,43,10,28,80,45,12,17,98,88,16,81,73,12,41,26,40,94,52,73,35,24,72,41
sample_184,20,30,80,26,26,13,94,45,24,77,29,50,3,22,86,5,68,58,20,28,23,77,38,7,2,90
sample_185,72,14,41,53,67,10,16,97,21,82,14,88,59,29,67,10,73,21,84,43,45,25,85,56,42,78
sample_186,37,51,38,38,69,54,67,2,29,66,50,24,47,83,19,50,55,48,74,82,66,30,7,67,28,30
sample_187,9,21,55,78,65,10,75,2,57,12,48,47,58,55,53,99,62,82,63,39,46,2,92,58,52,53
sample_188,67,13,45,68,85,62,9,21,62,75,23,10,60,95,85,48,45,12,35,59,44,69,55,88,37,98
sample_189,11,24,69,6,27,29,48,33,28,70,57,3,8,4,1,79,95,49,7,26,36,62,34,18,95,20
sample_190,32,58,42,14,0,39,87,88,1,96,96,55,23,37,83,4,90,45,39,56,64,7,35,63,98,82
sample_191,54,44,53,95,81,47,66,40,74,67,56,54,3,43,11,99,61,82,96,55,11,31,91,42,93,74
sample_192,51,6,90,79,46,98,48,96,78,17,82,81,96,24,10,40,36,77,54,92,90,24,14,1,9,77
sample_193,47,78,29,68,21,66,28,79,59,44,9,54,92,70,15,84,20,46,53,43,9,71,33,18,71,90
sample_194,16,59,23,5,44,45,55,13,66,49,90,92,6,48,44,4,82,67,56,67,68,51,4,62,88,45
sample_195,15,81,81,71,10,12,1,16,56,38,21,31,91,6,65,30,49,98,80,99,34,84,50,15,91,45
sample_196,31,52,75,68,18,45,68,18,19,10,4,58,94,59,9,64,44,24,96,32,29,19,56,99,75,63
sample_197,84,17,20,64,54,75,51,74,11,12,24,72,2,85,81,64,26,22,12,29,71,36,50,1,73,54
sample_198,23,55,8,49,56,86,32,76,99,23,88,14,24,27,25,50,51,77,76,77,90,93,19,90,32,55
sample_199,92,77,3,9,78,53,24,64,31,66,51,24,5,50,71,1,29,28,50,62,25,8,71,40,87,90
sample_200,72,24,43,20,2,62,93,57,85,29,98,39,48,32,81,38,35,35,64,31,4,98,86,22,28,84
sample_201,68,62,47,30,17,50,67,97,85,37,24,58,72,94,44,56,52,6,16,64,0,84,18,95,38,41
sample_202,61,92,40,29,9,16,70,74,48,71,61,10,70,74,78,12,43,33,59,42,31,55,71,66,87,70
sample_203,82,1,8,4,3,64,50,64,6,6,89,57,17,46,76,63,94,67,61,54,93,57,22,23,61,3
sample_204,93,34,2,32,35,31,95,63,72,27,40,31,63,11,33,83,60,88,29,35,47,1,14,50,72,49
sample_205,38,8,15,90,57,30,61,98,92,79,95,88,15,9,65,19,43,1,63,8,56,23,97,77,21,78
sample_206,69,52,22,21,41,70,30,22,19,71,85,54,90,17,95,49,45,15,11,72,75,84,9,90,60,56
sample_207,80,35,14,30,25,88,89,34,86,48,96,73,71,55,45,39,83,0,93,67,63,42,66,20,51,14
sample_208,12,18,73,12,30,71,32,97,41,40,3,52,31,49,38,7,34,15,97,64,48,33,13,22,27,4
sample_209,56,45,35,19,52,90,34,90,27,56,29,61,32,30,81,78,25,3,97,20,47,32,33,68,36,85
sample_210,80,3,42,36,81,91,31,47,92,49,44,18,8,6,81,72,44,56,38,89,86,92,34,95,76,79
sample_211,42,7,46,42,36,37,12,18,11,74,5,67,65,96,44,49,0,90,2,4,19,9,48,13,9,96
sample_212,11,44,74,48,96,60,95,12,37,77,0,96,70,99,57,21,47,77,43,41,44,73,57,69,29,43
sample_213,81,45,80,72,38,97,85,47,20,2,95,49,59,90,2,28,93,5,39,6,24,85,27,22,85,12
sample_214,1,86,13,47,4,16,50,72,37,3,11,57,63,51,49,36,38,31,79,92,26,26,58,50,90,50
sample_215,20,50,25,95,39,86,76,81,20,79,62,57,66,87,90,90,28,80,1,23,28,98,42,95,32,31
sample_216,25,40,1,63,62,68,76,58,3,21,11,99,95,82,42,72,90,73,38,24,11,7,54,67,97,79
sample_217,40,1,55,41,60,10,23,0,84,5,78,13,48,74,37,84,62,35,60,67,17,67,15,75,88,89
sample_218,25,35,32,1,69,8,24,26,45,42,30,70,24,32,91,71,16,11,6,83,91,72,43,60,71,82
sample_219,78,63,11,27,92,51,69,77,27,70,92,47,57,97,34,8,78,2,8,48,98,67,2,35,85,66
sample_220,92,88,95,41,43,65,87,35,58,92,56,26,85,97,27,6,72,49,43,58,47,1,89,85,22,56
sample_221,20,21,74,44,16,13,56,92,87,6,45,72,20,95,23,7,81,17,5,73,81,84,86,7,58,22
sample_222,13,61,57,87,3,13,62,62,53,36,13,11,9,9,23,85,25,7,64,53,90,48,70,50,88,69
sample_223,91,17,49,63,84,30,67,78,78,90,94,9,39,29,97,73,51,70,58,66,80,1,56,50,72,18
sample_224,12,20,22,61,38,12,39,17,50,78,10,69,13,70,31,81,84,88,8,47,57,14,94,26,64,94
sample_225,21,34,71,5,28,90,23,44,68,89,72,7,75,57,21,84,25,8,89,19,85,64,46,99,69,45
sample_226,13,22,10,76,61,53,38,35,25,25,62,0,49,71,95,12,76,40,31,94,73,96,66,96,85,0
sample_227,95,39,7,93,76,30,19,79,41,98,70,39,67,20,37,68,89,47,2,81,9,89,11,24,4,95
sample_228,53,16,70,71,74,76,31,3,4,36,15,0,20,74,66,0,72,99,34,9,59,34,87,73,63,17
sample_229,87,45,99,36,56,23,85,86,73,31,86,87,84,16,75,82,94,26,88,4,6,51,69,28,77,45
sample_230,31,28,99,36,43,12,71,69,68,96,96,24,27,33,16,24,99,96,12,93,40,52,0,64,18,40
sample_231,28,44,2,86,94,58,63,96,84,25,45,35,51,45,70,34,66,79,0,71,0,93,77,41,68,54
sample_232,14,75,68,35,51,11,97,40,61,86,69,14,95,4,79,70,95,37,83,4,64,2,13,54,50,87
sample_233,45,37,19,35,58,10,12,40,19,39,58,55,16,45,51,2,24,96,90,78,23,99,76,23,3,5
sample_234,69,74,76,13,77,91,98,39,55,77,85,98,85,6,6,40,44,78,22,66,49,60,49,87,7,86
sample_235,79,82,33,11,76,35,78,88,36,35,87,48,46,2,57,5,25,51,43,23,30,76,22,95,67,2
sample_236,20,36,58,77,3,94,28,30,79,25,34,48,52,79,2,89,22,63,79,46,97,66,88,31,17,10
sample_237,66,42,97,67,55,15,18,35,24,64,17,45,60,74,71,76,58,5,66,52,56,10,12,68,55,25
sample_238,15,31,8,80,7,47,58,10,29,21,65,31,49,97,36,95,78,28,25,2,93,75,48,72,39,51
sample_239,22,42,0,48,20,1,39,15,22,43,63,23,25,6,0,80,28,28,27,59,39,88,4,65,1,81
sample_240,1,29,24,10,13,60,7,79,90,72,25,34,11,51,78,6,58,97,32,30,62,51,93,48,76,62
sample_241,98,99,17,82,7,27,79,76,32,22,21,2,59,66,76,63,99,32,73,68,27,12,88,15,77,40
sample_242,91,44,46,94,39,5,39,73,54,5,35,70,58,3,76,93,0,79,3,6,82,72,20,18,46,22
sample_243,49,84,72,40,42,66,19,46,16,64,26,45,16,35,94,42,32,56,45,96,46,88,94,99,91,23
sample_244,89,98,45,55,78,34,63,25,72,41,56,98,75,15,34,59,68,52,58,66,72,81,99,57,11,79
sample_245,82,45,4,44,23,34,75,3,31,88,87,71,65,38,17,92,26,3,98,39,83,24,18,93,38,18
sample_246,24,82,41,8,98,88,32,21,24,39,92,76,39,76,22,48,66,44,60,10,47,26,80,10,66,10
sample_247,97,75,50,93,26,20,7,80,27,54,76,25,48,40,23,43,99,38,38,91,24,65,85,51,14,18
sample_248,53,9,75,26,94,70,54,55,8,7,64,20,57,83,8,29,22,48,64,86,25,54,87,54,7,22
sample_249,38,51,59,26,98,4,53,64,21,28,48,63,16,66,49,72,14,8,17,88,46,37,54,51,27,99
sample_250,19,31,46,96,0,39,2,89,9,40,65,68,48,8,69,77,30,61,61,45,44,83,47,92,1,79
sample_251,1,72,79,76,5,26,75,31,40,33,0,71,69,89,89,8,5,36,22,52,9,10,73,5,66,12
sample_252,71,34,90,45,42,55,19,39,0,3,42,65,91,66,5,85,59,45,5,57,11,50,36,35,25,6
sample_253,39,55,13,7,81,51,57,88,17,5,59,32,88,8,37,86,1,64,46,65,65,48,12,92,21,24
sample_254,25,49,82,49,89,44,45,20,72,75,54,76,22,16,7,50,17,77,95,74,8,67,42,19,76,73
sample_255,21,8,9,36,25,89,12,72,78,88,36,86,47,19,10,95,45,24,71,56,31,20,5,24,47,53
sample_256,21,23,97,22,67,34,61,29,25,39,8,27,22,88,60,29,20,28,54,54,97,44,91,37,79,50
sample_257,18,23,2,7,95,78,29,8,78,11,67,30,38,36,94,37,49,8,20,41,92,73,54,94,94,40
sample_258,50,49,64,65,36,0,47,78,73,84,19,31,92,13,77,67,8,96,72,60,18,28,58,78,95,27
sample_259,70,74,75,36,50,94,89,79,77,62,84,96,12,52,39,85,19,80,7,31,5,17,62,85,22,87
sample_260,93,57,29,56,60,25,66,86,95,54,61,56,58,96,84,3,98,68,24,22,83,34,71,51,45,37
sample_261,25,82,91,19,75,65,19,41,45,90,23,30,49,80,89,68,41,84,69,20,24,94,76,5,76,43
sample_262,32,5,79,97,48,68,14,26,38,86,11,18,22,5,76,29,46,41,42,79,65,7,61,70,4,64
sample_263,68,0,74,5,47,36,75,57,97,15,42,28,24,62,20,26,87,16,63,49,44,58,73,54,63,58
sample_264,80,51,43,36,50,85,97,70,35,93,79,77,55,92,54,52,6,86,79,47,46,52,88,52,62,28
sample_265,76,42,60,0,99,78,29,86,25,57,83,98,97,79,73,55,77,16,90,98,35,55,59,99,62,38
sample_266,48,74,4,73,95,67,15,36,51,1,60,67,84,17,32,53,85,6,77,63,56,58,92,89,83,17
sample_267,76,20,99,27,40,42,35,54,76,23,20,77,35,10,72,66,71,42,8,98,15,12,18,4,2,78
sample_268,29,77,25,62,54,88,12,82,64,84,79,19,56,54,60,39,76,26,4,32,74,98,45,81,13,8
sample_269,10,84,26,83,58,47,50,7,16,73,53,28,36,98,47,65,2,85,96,30,65,52,4,93,48,67
sample_270,76,52,87,33,99,52,51,8,91,19,18,32,60,90,51,96,5,83,15,77,23,19,29,66,67,12
sample_271,12,49,38,82,75,36,75,97,84,77,36,7,8,2,21,64,58,92,66,16,52,14,38,11,16,99
sample_272,40,95,65,48,42,24,60,40,31,24,91,96,51,32,30,19,23,92,78,91,93,6,60,72,59,48
sample_273,91,6,32,43,86,89,20,36,71,86,79,3,55,79,41,35,72,68,28,4,27,46,90,89,3,3
sample_274,25,51,68,73,42,14,83,43,60,74,46,70,22,44,78,5,95,47,51,95,55,62,41,96,50,84
sample_275,28,2,90,73,42,93,5,67,33,57,1,30,4,11,47,28,39,75,16,89,87,56,23,66,50,80
sample_276,73,85,91,52,96,37,59,35,13,6,65,38,46,38,13,22,76,87,88,19,19,57,89,40,14,3
sample_277,13,71,17,64,12,79,26,10,17,66,14,56,71,64,3,44,6,69,3,95,57,27,83,66,50,58
sample_278,77,17,12,53,22,1,16,69,51,22,90,41,63,10,93,13,6,96,82,9,0,89,33,62,8,56
sample_279,47,84,29,17,82,33,51,67,46,87,43,95,71,58,53,9,29,78,64,67,53,17,11,57,45,47
sample_280,74,72,81,68,81,36,23,86,84,76,85,40,87,57,28,85,1,38,27,0,44,1,88,72,26,61
sample_281,30,8,54,74,8,36,89,77,4,12,43,66,68,17,44,34,71,36,10,34,89,34,16,54,8,58
sample_282,6,21,39,2,71,48,86,10,95,67,98,53,67,84,83,18,12,88,73,97,50,46,92,35,20,35
sample_283,99,85,99,6,2,10,50,90,79,14,32,96,5,69,28,81,93,7,68,72,60,12,7,57,62,2
sample_284,99,1,48,1,70,2,22,67,4,41,90,53,30,4,13,8,57,16,78,17,96,88,28,69,76,30
sample_285,23,44,21,15,3,21,8,21,24,76,69,76,38,47,92,79,59,61,38,10,63,76,95,30,50,80
sample_286,55,96,82,69,8,23,16,97,19,80,69,91,78,25,98,97,66,30,57,82,58,78,68,47,57,20
sample_287,46,48,95,52,59,9,37,1,97,18,16,79,9,5,91,96,94,65,1,25,83,48,69,62,9,11
sample_288,65,42,85,66,89,17,66,95,93,6,35,74,82,51,88,90,23,24,85,67,33,7,73,65,73,84
sample_289,40,1,41,34,27,52,48,8,83,28,43,0,87,40,4,43,94,65,63,60,72,34,44,35,86,62
sample_290,91,90,64,62,50,6,20,0,20,80,98,34,16,69,7,57,1,23,20,20,10,6,94,61,74,27
sample_291,96,47,50,49,80,65,23,9,23,36,5,90,86,22,34,44,16,25,30,83,94,49,38,77,81,66
sample_292,52,93,79,12,15,7,85,68,7,81,90,66,30,30,50,76,39,11,56,90,28,97,1,6,80,18
sample_293,77,85,26,51,77,24,6,68,86,76,40,88,84,42,62,4,36,79,2,61,69,53,76,70,30,61
sample_294,85,85,17,40,32,75,29,37,87,54,47,96,85,66,54,84,7,16,23,5,9,41,39,72,35,45
sample_295,10,30,28,73,36,58,72,52,53,78,83,57,94,36,32,6,45,35,6,46,75,52,82,31,77,35
sample_296,96,8,51,69,62,79,35,51,39,73,60,90,66,93,14,73,73,11,63,28,51,90,72,37,87,47
sample_297,56,13,48,53,44,23,12,79,34,83,56,99,57,62,89,41,0,9,7,83,67,20,17,13,36,85
sample_298,85,78,48,3,18,81,32,18,73,66,23,14,17,98,64,20,43,73,9,15,98,5,95,57,38,42
sample_299,93,8,95,34,23,22,51,11,39,1,54,34,78,35,75,70,13,65,53,13,97,10,92,66,6,2
sample_300,69,16,86,42,72,70,5,3,47,42,35,57,56,64,13,81,80,5,72,28,54,18,97,77,95,59
sample_301,48,18,18,25,56,71,38,84,47,18,35,12,68,30,38,89,15,73,48,51,69,7,4,51,66,32
sample_302,17,22,66,40,90,57,33,67,48,18,60,76,72,30,52,86,44,8,76,5,31,31,59,33,65,24
sample_303,78,35,22,69,3,7,65,55,21,51,20,75,32,54,15,2,66,2,63,26,8,93,66,64,44,46
sample_304,20,36,75,92,31,11,1,4,5,86,39,91,83,6,3,50,74,89,8,79,10,47,11,34,74,36
sample_305,27,69,0,6,52,46,77,21,31,64,32,48,27,81,63,90,15,26,88,43,19,26,30,16,48,53
sample_306,57,83,16,92,79,51,63,45,50,59,98,27,58,82,48,84,47,47,83,14,30,57,33,91,76,25
sample_307,93,40,45,44,63,31,53,8,70,10,59,30,86,15,17,7,15,43,20,53,70,23,65,62,58,43
sample_308,27,32,80,0,31,21,97,21,70,35,4,22,27,16,65,90,90,18,26,84,75,83,86,80,2,48
sample_309,91,4,45,87,3,11,39,0,63,16,31,82,24,75,53,28,44,24,65,88,22,92,82,94,49,55
sample_310,85,35,27,92,19,46,54,69,72,53,57,41,84,8,84,17,20,10,37,70,79,4,76,31,56,1
sample_311,68,3,20,79,5,2,74,17,74,43,7,49,3,43,49,62,31,14,82,84,25,91,75,94,56,38
sample_312,1,65,66,71,2,1,5,34,49,73,7,79,58,67,26,77,92,90,13,51,91,14,20,1,21,3
sample_313,84,80,32,35,26,40,95,65,36,14,46,94,23,10,64,66,85,25,36,9,1,2,14,8,72,37
sample_314,53,74,92,12,30,49,9,44,18,34,17,61,19,61,93,10,70,4,15,79,38,63,68,96,19,32
sample_315,44,0,61,75,41,25,55,26,81,88,33,27,89,87,39,80,11,64,89,12,93,98,7,40,31,9
sample_316,62,95,43,95,37,97,54,40,71,92,60,97,48,79,69,11,30,70,44,93,67,93,15,70,58,99
sample_317,49,44,24,42,34,17,26,36,37,32,75,29,53,37,34,35,40,0,75,52,75,66,41,95,66,29
sample_318,89,69,70,5,22,94,68,53,21,29,94,77,98,5,85,77,94,31,81,1,69,72,0,73,67,6
sample_319,24,8,86,50,67,58,60,77,75,66,13,52,50,5,98,21,85,62,58,83,13,46,75,79,34,27
sample_320,2,26,84,10,47,66,26,88,32,23,70,14,4,66,16,51,32,46,90,71,39,76,26,66,22,8
sample_321,8,84,51,43,22,88,10,11,27,33,56,86,42,86,64,29,14,96,31,17,5,21,66,29,66,46
sample_322,62,94,13,57,27,86,11,73,59,92,75,68,72,19,6,10,91,2,53,0,32,59,0,15,3,5
sample_323,23,18,39,43,16,67,92,31,2,16,1,78,87,40,83,22,66,85,91,73,29,75,72,24,12,40
sample_324,21,24,44,65,1,12,81,10,57,42,3,53,95,86,86,3,93,12,18,94,20,67,87,62,15,30
sample_325,19,99,10,28,9,81,94,35,82,47,57,43,76,98,79,80,79,11,34,4,19,2,92,57,86,56
sample_326,29,32,34,94,26,59,28,59,9,78,17,22,61,97,75,11,84,95,68,55,83,97,15,87,92,37
sample_327,29,11,10,35,63,26,7,13,52,59,42,62,53,62,72,48,42,1,19,38,71,63,63,36,51,16
sample_328,63,77,58,74,9,30,90,94,42,87,98,36,48,40,86,15,77,70,78,65,38,78,64,17,17,40
sample_329,59,78,33,25,51,5,15,10,33,51,92,68,74,84,96,80,16,43,34,98,91,51,11,84,20,46
sample_330,23,26,78,7,95,19,87,82,42,46,10,20,60,10,77,8,39,41,61,52,9,69,4,9,0,80
sample_331,54,29,27,92,98,79,88,59,27,36,50,93,71,45,97,97,3,39,47,53,27,76,33,76,40,19
sample_332,15,94,17,18,33,17,63,70,51,26,6,53,20,35,34,33,69,14,66,36,70,68,34,97,5,64
sample_333,27,51,46,81,54,43,14,45,65,82,54,34,99,29,63,5,19,99,37,27,24,44,89,78,30,90
sample_334,11,91,72,85,64,19,93,36,26,57,42,38,89,43,23,88,20,91,78,26,12,5,87,62,94,36
sample_335,51,35,35,99,46,43,20,80,68,8,32,11,7,52,86,30,31,80,16,6,27,25,20,44,97,56
sample_336,95,23,69,73,36,46,11,4,76,69,42,74,11,31,98,76,39,15,56,91,66,42,15,38,34,28
sample_337,82,55,88,91,48,60,46,70,64,76,30,73,59,51,56,67,67,12,46,24,3,53,34,21,3,24
sample_338,19,65,88,91,5,29,64,72,5,44,38,74,91,51,69,51,57,48,11,51,53,74,67,56,67,79
sample_339,47,27,55,77,9,50,53,73,69,75,25,35,35,95,27,81,57,32,7,80,36,92,80,1,58,88
sample_340,5,25,9,60,80,13,73,58,45,85,80,18,1,40,72,11,33,26,41,53,95,24,69,61,47,76
sample_341,65,76,67,74,56,90,65,59,14,26,52,51,78,32,48,15,69,63,51,94,73,65,76,3,38,6
sample_342,70,95,50,20,78,0,86,97,98,36,32,30,30,26,39,65,56,49,83,92,47,73,3,33,98,93
sample_343,22,93,58,36,94,52,60,7,43,30,73,72,80,86,21,33,63,19,90,78,59,69,25,56,30,89
sample_344,81,81,63,32,64,67,54,12,57,22,14,76,60,27,61,57,24,25,94,92,98,30,81,74,53,18
sample_345,3,42,62,88,62,0,6,15,88,37,28,74,37,56,21,28,49,83,89,68,8,76,8,41,90,54
sample_346,89,94,34,76,95,41,90,52,48,60,39,59,37,57,37,53,39,22,28,65,28,47,27,74,44,61
sample_347,52,91,68,27,85,34,40,70,87,93,81,22,21,39,16,10,36,70,29,3,70,23,27,8,65,51
sample_348,40,34,60,1,45,59,9,42,58,70,30,40,0,96,75,11,14,4,71,37,20,84,73,31,42,78
sample_349,89,83,99,22,57,97,2,53,82,70,96,11,85,60,94,31,84,10,41,6,94,16,52,31,27,63
sample_350,66,25,30,23,47,21,99,81,40,69,24,46,43,10,63,27,46,75,24,14,67,21,19,83,16,83
sample_351,47,86,56,81,40,14,44,10,95,31,10,69,28,27,90,55,26,6,28,97,47,78,57,98,18,3
sample_352,73,13,17,33,9,95,23,42,3,41,19,29,16,0,95,20,23,4,65,10,36,90,42,50,6,15
sample_353,72,8,73,35,21,43,97,40,14,99,29,74,39,97,32,85,27,65,11,30,59,43,12,15,60,54
sample_354,66,58,45,44,7,18,9,23,4,42,25,95,16,23,19,62,99,85,6,74,60,98,41,34,73,17
sample_355,62,8,86,12,41,36,52,97,22,52,37,23,87,94,1,95,40,90,52,92,88,27,83,42,65,20
sample_356,16,92,94,53,16,7,14,66,74,54,94,38,88,57,86,76,25,54,40,32,50,92,38,97,50,33
sample_357,76,50,6,6,45,81,60,78,91,58,29,43,13,76,92,37,58,70,56,60,38,84,66,50,31,48
sample_358,57,79,0,89,8,25,33,76,22,33,88,85,18,28,8,29,95,67,50,80,0,91,80,21,55,37
sample_359,27,54,15,94,5,59,56,62,22,45,22,10,91,12,68,2,99,79,90,87,53,84,56,42,84,51
sample_360,0,35,97,83,42,75,48,19,76,19,15,73,0,39,32,53,89,52,87,17,63,99,67,75,92,85
sample_361,29,75,89,15,59,57,11,45,64,3,56,35,41,23,45,38,82,20,80,14,64,54,24,19,76,25
sample_362,2,78,98,48,56,90,46,54,34,95,95,4,88,78,16,9,41,77,38,81,48,38,22,66,28,41
sample_363,38,82,44,66,88,88,90,67,32,47,69,61,35,58,29,75,23,82,23,12,76,60,51,61,95,49
sample_364,29,4,11,66,45,46,0,48,47,40,64,47,68,73,71,59,75,57,15,38,0,61,96,95,83,35
sample_365,93,74,65,61,88,92,37,10,20,5,11,73,71,15,71,74,49,28,82,17,81,80,8,23,62,24
sample_366,52,56,31,2,37,59,34,80,73,40,82,74,61,39,75,75,30,19,54,22,54,20,52,64,49,67
sample_367,14,42,94,46,28,33,24,48,46,30,17,77,98,46,75,49,65,35,68,65,1,47,47,82,45,98
sample_368,53,59,65,37,55,5,3,49,80,94,69,6,38,45,14,6,65,42,85,30,55,82,70,96,80,69
sample_369,90,70,98,4,10,22,87,49,62,59,61,97,73,66,32,4,12,93,12,23,15,56,16,4,90,13
sample_370,67,61,39,47,63,17,42,66,43,29,63,77,24,63,39,58,37,92,27,20,68,72,39,63,73,18
sample_371,10,25,72,49,57,46,89,73,91,68,54,69,38,61,28,51,8,50,93,53,40,12,94,16,52,51
sample_372,47,87,8,70,27,33,7,68,3,5,41,87,94,31,26,33,90,51,90,2,23,78,82,20,53,4
sample_373,32,87,65,12,94,76,2,65,91,38,36,85,54,55,47,61,48,48,96,98,36,35,91,58,13,14
sample_374,95,89,64,98,72,21,61,19,64,62,53,5,30,22,51,98,43,66,16,52,33,34,77,30,2,31
sample_375,51,12,34,25,80,44,59,4,89,58,68,5,48,5,6,58,55,64,14,57,28,51,13,54,90,12
sample_376,1,55,34,78,39,83,89,82,79,20,97,44,59,46,15,7,61,54,77,37,3,59,35,80,20,73
sample_377,76,83,19,24,98,47,53,14,55,8,99,31,46,80,98,8,65,38,29,24,9,59,88,60,27,40
sample_378,9,92,98,65,14,97,1,3,38,20,13,5,89,11,1,68,46,62,83,13,44,46,58,34,85,96
sample_379,85,45,29,35,79,58,65,44,98,63,52,50,51,34,0,25,74,31,83,71,57,65,46,79,63,3
sample_380,27,35,84,15,96,63,44,21,90,20,81,46,71,90,88,96,99,13,7,21,48,85,28,36,48,62
sample_381,6,27,63,74,75,60,35,10,75,77,86,34,87,18,7,33,87,4,65,17,94,80,18,36,31,8
sample_382,42,38,57,40,26,84,10,30,72,10,15,33,56,91,47,47,17,32,22,89,99,1,45,17,38,94
sample_383,50,29,83,51,5,14,79,96,42,31,78,55,61,59,37,80,52,5,42,62,92,43,96,68,38,99
sample_384,43,22,67,47,38,15,67,36,65,31,38,87,62,29,2,99,0,68,39,40,15,73,46,49,85,19
sample_385,46,25,74,44,84,5,3,21,50,16,27,8,60,41,49,40,59,60,75,8,77,84,31,49,42,99
sample_386,16,8,61,40,25,45,84,74,61,44,5,88,74,30,71,55,19,11,7,73,10,38,71,76,15,43
sample_387,83,93,97,79,29,96,90,89,22,25,76,51,93,71,32,42,91,72,90,62,34,36,72,8,70,86
sample_388,32,79,7,23,27,82,9,39,35,27,22,83,78,20,66,44,81,45,67,2,58,95,77,92,32,14
sample_389,1,68,61,43,42,58,84,58,32,30,95,7,93,48,65,40,31,40,79,36,46,19,81,70,85,63
sample_390,18,62,58,52,14,57,62,84,1,80,58,93,26,54,55,83,36,93,31,86,37,43,33,33,87,7
sample_391,22,85,26,62,14,90,42,7,57,32,67,60,0,87,62,58,41,87,97,21,85,98,56,58,72,51
sample_392,20,0,76,54,46,49,2,93,85,88,87,91,31,18,8,84,88,0,84,88,24,79,99,88,9,75
sample_393,96,4,0,76,43,91,76,86,44,75,69,9,82,52,9,99,10,3,12,21,85,77,4,3,68,0
sample_394,29,94,59,27,34,33,37,1,69,93,59,84,74,13,29,92,79,57,22,51,86,58,46,43,70,9
sample_395,56,31,92,78,11,32,67,23,64,44,1,42,52,16,30,90,65,43,80,74,78,78,16,56,28,8
sample_396,50,91,24,98,9,55,79,0,16,77,3,28,65,75,91,75,73,59,42,33,92,54,64,88,97,39
sample_397,51,29,58,35,74,8,89,6,29,1,95,55,19,47,17,41,17,14,10,0,43,50,45,31,42,30
sample_398,82,7,75,35,83,69,40,19,16,40,22,67,97,42,12,45,31,47,11,61,27,88,63,93,73,38
sample_399,58,38,23,18,35,80,74,26,75,55,1,80,6,41,41,89,85,80,32,84,84,82,6,57,45,73
sample_400,30,79,69,33,64,9,92,11,12,13,79,71,28,30,75,58,73,25,80,71,5,6,89,1,15,3
sample_401,35,67,80,30,96,11,42,16,60,18,94,85,21,51,96,14,84,75,79,64,78,35,45,30,75,6
sample_402,87,60,79,2,36,63,28,84,49,81,72,55,58,37,77,90,67,20,10,74,28,88,84,45,36,34
sample_403,76,32,64,46,72,24,47,75,20,68,0,61,18,12,32,30,15,29,95,33,75,46,69,53,14,5
sample_404,99,87,74,67,35,53,16,81,69,55,7,30,92,55,44,68,78,29,58,76,50,66,11,92,11,54
sample_405,75,31,6,65,33,67,33,54,33,24,90,31,17,58,89,88,31,17,37,80,98,65,8,64,17,42
sample_406,27,85,61,75,27,56,94,87,21,20,5,14,51,87,12,26,13,79,57,7,56,2,87,5,57,7
sample_407,25,98,88,26,90,94,71,61,53,3,14,19,21,98,66,48,58,82,61,91,21,53,23,58,99,87
sample_408,24,70,39,8,29,45,58,7,25,65,22,53,93,93,5,74,90,17,79,88,63,24,84,93,25,81
sample_409,59,61,25,36,0,80,9,24,34,78,77,50,41,29,77,9,20,80,92,82,1,21,77,57,27,17
sample_410,2,81,92,65,42,80,61,95,82,97,52,28,30,17,9,64,91,72,64,34,49,90,82,19,88,84
sample_411,97,23,72,65,55,30,40,19,70,76,15,72,83,75,50,54,3,31,67,36,27,61,62,32,26,34
sample_412,82,27,12,31,16,98,29,14,80,46,12,6,34,52,26,42,34,40,99,86,15,14,21,70,27,30
sample_413,68,72,83,59,11,35,99,39,53,59,69,20,81,25,52,87,27,51,79,47,48,45,34,60,43,36
sample_414,85,51,29,96,30,97,42,54,72,42,95,60,42,31,8,85,3,41,62,31,91,45,75,7,72,7
sample_415,31,68,81,91,59,25,87,25,82,36,89,78,63,84,59,51,59,8,59,99,74,28,87,11,41,40
sample_416,70,59,19,89,84,38,31,93,25,10,95,78,20,12,25,76,24,13,34,1,89,69,40,96,96,9
sample_417,68,22,25,39,87,69,4,62,5,47,63,66,82,97,86,45,9,87,13,84,81,54,64,10,2,78
sample_418,98,0,84,32,30,96,67,40,7,66,72,74,40,16,39,55,37,36,44,10,6,58,19,23,38,93
sample_419,25,28,81,66,25,64,3,81,42,66,8,41,32,98,49,75,82,68,5,37,4,21,60,60,8,80
sample_420,26,20,58,55,25,5,94,62,20,5,6,51,58,67,59,78,25,63,59,5,50,66,77,83,67,53
sample_421,71,29,40,49,36,90,40,38,80,34,41,47,74,78,49,70,33,25,31,32,15,43,15,85,5,97
sample_422,42,75,75,32,58,51,43,98,26,93,61,89,71,78,72,88,60,96,22,34,16,33,96,30,50,34
sample_423,56,32,75,32,38,4,63,58,81,6,4,49,91,80,70,23,14,71,23,32,7,86,2,80,78,59
sample_424,23,53,11,18,59,95,73,91,1,82,71,15,7,13,29,74,23,65,35,61,50,28,19,67,51,90
sample_425,17,3,68,27,99,27,99,53,5,16,48,52,78,54,66,61,18,75,14,76,82,20,28,13,3,15
sample_426,66,44,6,92,9,49,97,65,37,25,85,74,5,55,25,77,3,16,23,34,97,90,29,66,33,48
sample_427,44,82,95,82,43,57,98,3,4,95,25,26,30,89,58,24,33,61,23,23,5,48,13,8,15,54
sample_428,4,74,48,36,13,94,20,26,43,60,10,47,38,61,44,76,44,21,49,97,9,52,80,84,87,65
sample_429,48,17,7,98,80,45,4,43,57,8,83,83,95,20,69,30,5,90,83,69,37,95,95,67,11,42
sample_430,54,80,72,18,94,49,73,90,49,21,18,96,98,35,33,27,52,92,68,51,5,10,99,93,3,38
sample_431,75,48,39,38,18,92,53,90,19,22,59,74,80,33,56,4,8,62,41,33,97,2,97,50,87,39
sample_432,27,73,89,20,66,45,2,48,30,46,40,31,85,98,87,68,46,51,72,50,80,59,7,28,71,40
sample_433,81,76,76,54,56,86,77,7,60,95,44,27,0,61,62,93,96,21,22,81,71,33,44,50,98,29
sample_434,13,92,92,33,21,16,71,93,25,18,36,31,53,51,68,7,74,17,54,47,26,12,24,79,2,56
sample_435,94,20,28,50,59,17,54,82,1,38,98,41,82,95,80,94,16,39,2,73,26,67,95,72,31,63
sample_436,54,62,20,15,69,63,2,35,53,50,25,70,94,68,21,76,48,49,11,14,84,29,81,91,77,35
sample_437,23,61,49,42,34,67,81,16,62,80,9,0,83,98,34,92,22,28,73,12,69,27,70,88,7,95
sample_438,23,97,49,17,9,80,36,62,51,28,77,81,76,3,0,88,44,67,73,8,70,44,27,62,50,69
sample_439,16,79,41,45,30,16,40,57,10,17,34,20,76,31,22,87,23,62,6,32,39,33,31,56,92,42
sample_440,44,88,36,56,45,29,14,20,75,2,30,33,78,95,23,36,37,45,28,75,2,17,55,27,69,85
sample_441,78,89,18,51,66,8,64,74,37,51,91,71,62,10,87,56,3,27,12,91,25,25,56,29,34,9
sample_442,9,96,9,88,50,89,48,4,1,74,86,33,93,79,52,26,63,86,73,90,12,69,79,76,97,64
sample_443,92,51,91,59,54,59,94,0,29,39,54,42,6,74,39,46,38,5,13,30,96,51,19,16,81,62
sample_444,9,83,81,28,8,48,18,98,87,56,76,71,33,73,93,53,59,39,28,14,73,91,80,46,72,31
sample_445,98,57,10,55,49,14,28,62,13,97,6,44,41,15,14,30,16,72,14,78,65,37,47,41,54,5
sample_446,1,44,92,46,73,58,32,98,3,73,21,16,67,6,29,62,80,3,84,53,22,20,49,27,71,96
sample_447,6,88,54,45,37,48,58,23,69,22,45,52,21,21,84,96,66,52,79,83,19,90,25,86,55,56
sample_448,93,63,39,50,0,15,20,12,0,94,41,78,49,91,84,43,54,88,49,26,63,15,75,36,84,43
sample_449,87,62,2,52,49,35,70,58,0,11,29,55,58,44,36,96,43,97,90,83,99,73,96,33,42,40
sample_450,57,49,46,52,18,38,38,18,14,27,16,93,83,53,54,1,73,92,52,32,72,78,88,67,2,24
sample_451,46,89,31,88,56,73,89,31,20,84,94,34,59,10,83,96,29,40,46,28,25,88,36,15,14,17
sample_452,19,45,43,15,11,16,52,7,0,16,41,97,49,56,13,75,2,29,14,76,38,83,21,59,62,8
sample_453,20,30,1,80,57,81,17,88,4,2,4,16,38,93,78,48,8,1,82,51,87,63,13,50,23,13
sample_454,96,49,15,56,87,55,52,87,68,1,89,93,80,76,6,7,87,72,59,76,17,86,66,74,33,1
sample_455,27,55,31,75,67,85,65,74,28,64,7,5,56,80,81,38,26,17,9,15,86,67,1,62,24,45
sample_456,23,78,78,57,20,5,52,80,43,21,69,14,33,71,75,34,84,83,38,58,97,16,74,23,44,88
sample_457,44,42,44,90,43,55,17,89,68,24,64,83,33,72,13,59,99,15,82,69,28,75,95,55,16,6
sample_458,50,43,35,58,76,48,58,26,41,77,73,6,36,45,57,43,49,9,49,40,90,98,62,17,88,32
sample_459,93,84,55,66,2,60,59,71,81,20,89,13,2,90,31,18,78,41,20,74,57,53,34,6,43,61
sample_460,45,96,10,21,44,58,37,23,31,7,72,71,21,36,52,92,74,98,17,70,97,27,88,16,33,22
sample_461,74,25,99,61,20,64,20,37,28,46,67,95,23,92,32,76,75,67,56,55,20,81,71,55,78,81
sample_462,10,52,81,82,72,60,90,40,47,0,42,37,24,32,54,15,37,52,15,37,0,67,32,69,38,99
sample_463,76,13,78,51,21,90,21,80,53,41,12,71,42,54,26,82,74,26,25,1,68,25,13,23,71,67
sample_464,72,43,77,2,75,18,92,37,87,53,66,97,66,2,23,22,38,28,79,75,25,64,14,53,91,60
sample_465,13,59,78,1,15,99,43,52,81,66,69,52,94,81,98,47,94,83,16,85,13,26,11,47,27,25
sample_466,77,69,82,25,30,99,93,83,69,14,3,10,1,14,22,95,37,84,17,23,48,70,26,76,46,84
sample_467,71,84,23,39,22,24,39,37,97,74,82,68,94,83,31,43,53,25,62,58,44,77,8,84,70,7
sample_468,23,77,55,69,41,77,72,93,89,28,52,50,82,75,97,72,9,42,87,86,56,64,80,6,77,35
sample_469,47,67,70,92,80,77,87,10,77,58,25,33,50,65,20,76,68,21,56,88,64,86,25,9,55,25
sample_470,51,76,96,77,42,65,79,58,13,97,52,61,90,14,76,43,31,3,21,48,39,69,10,60,67,15
sample_471,89,9,40,25,95,89,83,48,11,49,78,71,60,42,5,54,4,63,92,52,12,39,88,46,32,65
sample_472,78,11,95,78,24,38,29,23,42,96,55,5,56,54,93,89,10,52,93,31,69,87,14,12,74,63
sample_473,59,51,52,76,92,22,15,81,17,36,1,1,18,48,78,34,36,21,73,29,41,81,20,34,22,75
sample_474,99,45,49,19,56,19,46,62,50,47,48,37,97,98,21,31,73,2,70,18,91,25,30,13,18,9
sample_475,10,31,4,55,76,26,67,38,8,85,7,35,48,87,75,54,28,35,96,41,79,59,58,95,24,41
sample_476,49,83,36,89,27,96,52,66,93,46,48,14,80,17,34,28,61,65,82,30,88,78,30,63,54,89
sample_477,42,2,42,60,90,89,27,16,91,28,84,2,6,83,83,32,74,56,18,50,56,48,21,55,55,18
sample_478,75,41,89,80,65,13,94,89,8,92,41,70,82,68,94,6,0,21,3,81,28,28,37,84,24,33
sample_479,87,18,81,88,8,36,8,13,74,56,43,78,85,87,38,49,95,35,85,86,47,62,20,86,26,49
sample_480,46,66,76,9,85,92,59,18,17,81,19,34,59,18,77,44,22,11,66,63,35,25,46,61,49,51
sample_481,71,50,12,44,80,39,84,8,22,94,50,32,15,83,13,72,8,35,29,1,27,81,50,68,96,74
sample_482,7,81,93,71,97,43,58,30,81,14,20,88,92,91,29,74,47,71,32,3,52,63,85,21,15,94
sample_483,88,40,13,74,59,30,76,97,15,31,46,68,95,44,75,80,84,32,66,59,48,73,41,17,6,33
sample_484,33,50,13,21,0,33,0,14,47,61,49,83,45,89,33,80,23,10,10,37,4,52,90,66,93,33
sample_485,79,83,80,37,65,58,65,13,11,63,87,86,87,70,88,73,65,96,90,39,28,48,90,61,6,59
sample_486,55,60,37,98,62,58,77,27,92,66,49,64,76,92,66,45,38,27,12,12,10,77,77,29,19,97
sample_487,50,91,15,66,12,5,27,30,62,44,93,92,36,86,67,6,10,69,12,13,97,62,77,21,9,21
sample_488,90,38,0,8,46,89,74,27,41,40,15,48,50,82,13,22,9,73,16,21,85,69,84,57,39,19
sample_489,16,50,87,51,48,14,72,98,36,13,30,8,50,84,5,18,20,6,34,14,73,84,42,32,64,43
sample_490,36,10,87,68,39,36,45,91,70,63,87,68,57,19,28,49,41,99,0,45,53,60,87,99,97,4
sample_491,97,50,80,76,67,91,83,95,75,0,14,46,35,32,8,56,51,69,87,33,83,35,83,30,12,18
sample_492,11,97,92,40,25,2,1,78,43,14,98,50,16,73,27,63,72,2,36,66,83,71,1,22,58,56
sample_493,4,73,41,65,76,84,46,33,63,17,7,45,67,36,3,73,5,78,53,74,5,39,39,41,66,28
sample_494,95,48,34,88,27,9,90,39,95,14,20,88,81,80,56,18,9,48,2,9,30,36,82,80,26,11
sample_495,26,3,36,50,38,49,43,72,59,85,51,95,50,53,47,89,88,96,7,60,88,30,17,28,3,10
sample_496,94,75,85,82,17,13,6,47,86,18,86,28,7,78,20,14,9,92,78,72,23,29,14,0,47,30
sample_497,15,89,22,5,86,29,73,12,37,58,81,57,33,60,96,47,38,67,85,65,91,46,67,7,48,58
sample_498,84,51,50,92,14,86,77,16,75,31,17,76,30,73,66,52,18,33,0,21,58,49,1,11,37,54
sample_499,7,32,29,28,71,77,16,49,72,77,18,73,71,79,76,0,7,71,99,67,47,56,29,9,64,40
sample_500,27,5,92,64,81,54,81,87,18,51,64,61,22,24,53,65,80,88,3,63,46,80,12,28,31,57
sample_501,65,87,23,30,76,10,22,3,68,6,96,84,52,85,47,7,87,9,96,75,13,90,85,89,69,58
sample_502,23,31,88,78,51,63,81,13,10,10,31,18,4,41,15,78,85,94,16,28,29,51,93,57,10,2
sample_503,28,24,37,81,7,49,44,50,64,96,79,49,33,79,42,66,87,58,67,13,34,80,29,43,91,32
sample_504,69,60,42,72,62,82,26,7,64,32,81,36,51,88,61,60,60,47,27,85,41,43,7,1,21,51
sample_505,80,34,13,76,64,86,97,98,31,24,51,55,37,69,23,48,38,45,86,5,30,16,55,63,63,65
sample_506,77,78,73,78,80,61,6,52,48,61,72,22,79,75,86,85,14,81,27,77,51,80,97,77,5,99
sample_507,40,78,48,23,59,11,28,58,13,9,37,8,52,75,44,24,71,65,75,84,72,98,84,11,92,73
sample_508,15,1,11,45,80,59,80,25,6,95,10,10,94,17,11,50,54,96,45,24,1,41,24,92,77,35
sample_509,62,75,12,20,35,30,13,1,56,47,29,5,16,48,59,55,31,13,96,23,24,88,35,95,43,7
sample_510,42,30,93,69,82,55,28,72,8,64,97,6,73,63,99,28,25,53,57,79,33,30,52,22,19,11
sample_511,85,46,16,71,85,48,57,99,42,99,55,94,89,86,51,98,79,10,99,50,92,79,36,55,77,77
sample_512,3,83,88,15,53,98,9,45,26,52,93,73,6,0,43,43,30,91,79,28,17,6,13,72,18,77
sample_513,42,30,46,73,53,99,3,77,62,80,65,52,87,72,84,6,74,12,18,29,1,63,90,59,74,24
sample_514,68,9,26,26,75,90,10,67,3,27,51,18,44,78,7,91,75,37,88,6,56,54,77,58,52,38
sample_515,70,30,90,10,41,87,69,78,51,81,26,36,86,55,50,77,26,39,96,37,14,94,71,11,38,47
sample_516,46,83,46,50,60,94,98,50,64,15,43,20,65,15,35,30,83,37,87,83,87,76,79,53,90,14
sample_517,64,34,13,9,20,5,56,12,33,5,6,46,58,66,70,99,64,88,78,57,89,31,54,46,43,6
sample_518,9,60,23,85,62,81,8,91,84,70,39,97,68,51,9,79,92,43,12,69,15,65,0,20,71,36
sample_519,39,26,34,27,94,21,76,8,7,97,29,64,25,56,30,52,15,93,6,3,23,72,33,55,54,89
sample_520,26,67,55,87,29,61,15,36,92,2,80,35,65,37,44,69,13,67,27,21,49,91,40,79,18,73
sample_521,71,63,47,50,94,98,0,96,14,0,11,68,46,94,14,20,47,66,50,73,8,36,80,28,56,5
sample_522,60,48,64,69,30,16,9,99,89,73,18,82,93,27,21,89,17,78,91,57,33,2,33,32,63,51
sample_523,23,15,40,71,10,91,34,99,41,28,28,87,77,97,96,80,83,37,96,73,26,5,18,31,71,47
sample_524,21,10,82,84,82,91,28,78,64,77,70,12,93,18,6,47,12,34,62,14,92,71,99,30,46,0
sample_525,44,98,16,26,46,77,72,77,38,21,7,7,34,13,49,53,58,27,78,97,15,31,71,95,80,22
sample_526,83,82,41,82,23,55,83,18,57,35,88,8,31,78,55,44,54,94,52,39,12,28,90,64,86,56
sample_527,11,38,38,33,91,54,26,78,40,14,83,45,77,95,70,30,96,86,32,50,0,0,41,36,23,8
sample_528,28,39,63,51,64,3,57,25,64,77,34,58,88,1,19,25,82,37,97,43,78,74,13,15,77,59
sample_529,66,59,99,4,5,50,92,46,37,0,94,71,90,58,66,7,0,14,67,17,98,22,29,10,64,38
sample_530,9,32,81,3,14,17,77,88,59,74,70,22,34,35,54,96,14,11,52,17,2,33,15,69,17,22
sample_531,46,85,32,20,31,26,98,46,3,51,67,38,8,52,76,27,65,88,56,61,47,31,37,65,31,68
sample_532,18,25,70,24,30,50,2,88,75,20,87,95,87,23,36,13,65,57,92,12,31,75,67,1,12,61
sample_533,86,39,12,83,81,34,14,42,60,48,15,32,42,51,85,99,7,92,3,95,92,95,16,73,44,54
sample_534,61,71,13,30,22,22,14,86,77,34,60,30,95,2,63,44,47,63,22,52,33,73,39,92,52,93
sample_535,80,34,84,65,71,10,68,43,26,79,29,13,31,55,53,55,38,96,37,56,37,31,3,17,56,64
sample_536,25,86,37,12,77,83,40,5,11,33,4,17,64,3,4,44,76,69,50,85,33,93,27,96,26,4
sample_537,53,92,68,69,77,56,22,76,19,89,36,21,33,14,42,8,7,62,93,94,15,78,43,48,14,6
sample_538,13,82,81,13,28,12,42,31,39,70,32,17,55,46,87,90,52,79,14,19,95,80,13,62,79,9
sample_539,56,86,95,30,80,32,13,24,16,14,27,74,85,92,84,29,59,49,71,97,56,89,71,75,61,38
sample_540,31,9,41,43,60,38,11,24,90,97,63,46,48,94,4,7,89,71,12,0,11,38,97,77,68,69
sample_541,59,80,94,82,94,84,78,51,35,42,48,0,76,38,1,48,54,41,78,53,81,68,0,81,50,49
sample_542,82,13,81,31,60,44,52,59,27,45,41,80,41,56,82,9,74,92,85,96,99,99,87,57,17,88
sample_543,35,62,26,82,72,19,45,83,71,42,40,59,99,27,98,66,0,13,75,91,56,39,56,31,1,66
sample_544,42,23,90,77,22,51,7,34,50,3,99,45,13,77,59,14,69,73,56,84,86,2,50,61,52,34
sample_545,40,97,56,10,9,89,34,64,79,8,28,38,62,94,28,74,3,6,47,77,13,11,56,53,32,29
sample_546,25,41,49,60,69,89,76,80,54,46,72,96,87,95,38,30,82,56,93,68,25,21,66,70,0,63
sample_547,7,12,72,14,59,48,23,76,87,45,68,80,88,60,21,45,90,15,54,57,42,35,9,35,77,51
sample_548,70,64,34,57,62,16,78,88,52,66,24,27,49,58,31,27,93,54,37,80,0,53,25,28,59,33
sample_549,69,14,79,26,68,16,87,52,30,64,60,27,70,51,35,28,19,32,32,62,12,53,56,72,50,19
sample_550,86,34,25,19,6,9,46,54,10,47,51,34,47,5,62,2,65,57,10,9,86,51,58,25,38,18
sample_551,16,92,44,8,75,12,26,21,13,65,83,65,94,79,70,12,21,46,0,97,91,97,54,98,69,11
sample_552,57,89,2,44,58,55,12,7,28,32,15,45,1,5,84,25,39,56,2,93,19,8,31,46,25,40
sample_553,94,99,74,91,53,89,35,98,53,23,60,21,84,62,20,6,89,98,39,97,52,69,65,24,1,69
sample_554,39,59,64,14,54,17,81,64,65,50,82,88,23,82,60,70,70,4,97,97,33,60,70,66,7,15
sample_555,19,5,43,98,66,49,15,32,68,65,24,1,18,38,86,29,94,1,15,50,92,87,8,34,76,54
sample_556,80,84,46,28,34,60,88,45,96,23,21,84,3,33,21,45,2,39,92,12,96,7,42,83,93,39
sample_557,23,52,50,92,12,67,86,95,66,96,15,7,96,74,13,83,68,76,38,46,59,41,25,16,92,85
sample_558,42,16,19,77,27,42,82,36,54,85,77,97,33,26,4,4,41,89,95,49,74,49,19,80,47,66
sample_559,31,43,30,79,31,90,97,74,66,14,2,93,20,91,7,45,80,39,16,91,5,89,16,95,52,9
sample_560,41,21,62,90,87,60,21,17,93,50,69,38,11,76,11,31,30,72,38,60,31,82,19,64,43,62
sample_561,60,5,95,59,94,17,60,95,11,91,89,37,90,29,51,94,2,20,13,86,3,55,3,55,30,73
sample_562,20,63,74,48,36,32,50,25,11,72,77,97,26,22,7,2,39,45,93,82,41,73,34,20,11,79
sample_563,58,12,31,91,94,56,33,54,9,21,75,88,26,84,27,67,98,23,54,0,0,72,56,68,11,1
sample_564,21,60,15,98,63,90,14,99,17,21,51,25,6,74,1,13,49,63,61,8,68,47,24,97,19,49
sample_565,70,80,3,56,57,37,5,42,76,83,37,23,93,81,13,21,35,97,43,23,85,12,49,10,30,82
sample_566,86,75,79,65,98,26,45,75,3,52,6,15,81,72,12,21,39,46,70,49,21,99,94,86,7,18
sample_567,25,26,65,45,65,3,4,5,37,43,83,14,49,31,86,60,85,98,47,22,79,52,33,59,57,9
sample_568,75,99,57,17,92,0,97,57,28,16,39,74,85,84,71,68,0,58,49,40,41,0,0,1,25,74
sample_569,26,32,31,54,81,28,57,70,12,16,8,53,6,71,54,41,32,88,90,87,14,59,86,81,32,10
sample_570,95,7,14,17,94,21,45,83,74,29,90,6,6,41,52,31,32,96,6,87,32,71,10,39,63,30
sample_571,80,15,89,27,78,18,0,19,65,95,97,6,61,96,78,10,46,18,60,59,36,21,79,82,66,61
sample_572,18,22,96,36,88,5,86,5,14,6,70,53,54,10,41,28,82,58,33,51,80,27,44,69,80,36
sample_573,13,74,41,73,21,92,71,36,61,45,88,7,38,8,92,56,95,20,15,9,83,99,1,83,98,0
sample_574,42,85,27,26,21,49,58,3,41,19,85,10,92,2,89,21,99,73,24,45,7,0,83,36,59,64
sample_575,53,24,45,45,27,61,57,99,19,59,77,63,75,62,56,12,45,5,9,15,77,78,71,14,66,51
sample_576,34,35,33,84,32,92,28,68,49,97,26,77,13,24,55,67,71,3,17,41,56,58,14,21,65,94
sample_577,3,47,54,66,75,45,33,8,86,60,42,79,65,50,17,10,36,85,58,48,31,3,28,36,66,85
sample_578,17,4,63,3,50,27,30,75,11,25,73,50,66,21,79,75,46,59,79,20,28,45,98,54,28,77
sample_579,52,85,85,23,30,91,43,90,18,4,32,92,78,4,14,7,16,90,67,27,44,56,76,46,3,29
sample_580,61,29,4,26,69,83,99,18,86,66,0,25,57,68,37,38,46,96,30,98,65,89,76,52,20,59
sample_581,93,1,61,46,56,69,92,75,13,30,26,52,86,85,17,29,30,17,19,29,43,14,67,84,12,50
sample_582,4,76,38,27,11,39,46,25,92,22,95,8,24,96,59,1,26,83,56,63,22,57,76,88,98,2
sample_583,45,90,41,77,99,28,42,49,43,1,80,33,45,67,73,35,79,88,79,72,19,70,23,94,44,99
sample_584,61,64,46,39,69,69,10,24,18,78,2,14,73,42,53,40,35,74,12,91,27,43,1,31,22,8
sample_585,79,56,49,82,93,14,48,23,22,77,80,43,29,44,24,99,73,76,22,91,63,18,88,38,86,38
sample_586,79,77,53,94,54,49,48,33,12,85,35,72,31,23,92,11,31,65,28,11,38,66,3,29,69,25
sample_587,28,39,38,91,17,85,99,64,52,39,37,79,86,1,8,95,19,67,58,29,46,76,20,66,75,99
sample_588,20,37,25,35,1,17,45,8,73,78,32,40,17,44,85,55,79,81,69,21,85,78,15,81,72,7
sample_589,92,28,16,42,37,74,30,2,16,87,51,80,42,84,37,95,49,57,3,19,32,89,57,83,67,72
sample_590,10,48,51,62,3,58,27,70,85,1,22,92,2,2,13,41,59,36,32,94,98,93,82,81,20,4
sample_591,8,30,2,56,70,53,92,42,39,68,89,7,30,48,47,22,78,79,18,14,4,19,20,7,66,26
sample_592,87,70,81,9,33,9,71,4,20,14,13,19,12,51,28,33,85,7,18,79,96,79,84,53,24,69
sample_593,58,70,56,95,51,75,41,1,61,95,3,19,54,25,76,49,62,62,6,50,40,3,10,2,14,47
sample_594,30,85,82,18,52,34,21,0,73,82,73,80,13,42,77,52,29,14,70,48,6,77,90,17,57,87
sample_595,48,86,78,99,82,30,61,98,11,89,86,18,42,55,48,18,80,5,93,79,80,14,75,75,32,82
sample_596,5,23,14,23,33,73,25,78,67,96,78,98,37,47,85,7,29,56,81,81,89,22,71,17,83,60
sample_597,20,89,50,35,49,16,33,4,32,3,42,25,35,0,74,28,56,41,25,19,65,79,18,5,34,29
sample_598,35,82,46,2,91,56,31,67,71,25,40,87,5,61,7,1,31,14,5,15,6,66,2,68,28,68
sample_599,76,1,40,22,44,44,31,65,59,83,88,15,63,26,73,51,19,67,91,89,60,38,0,65,26,51
sample_600,55,28,26,37,50,83,26,13,93,59,37,92,29,15,40,78,65,40,99,95,13,70,2,4,2,12
sample_601,12,24,63,61,44,6,16,48,61,53,92,81,59,35,49,28,28,81,81,80,11,49,65,68,10,6
sample_602,11,7,82,65,95,56,25,91,18,0,82,62,85,61,44,95,15,57,19,37,63,98,65,7,47,13
sample_603,69,2,17,64,5,6,93,57,28,39,50,70,1,82,72,61,39,77,94,37,92,23,11,54,44,88
sample_604,85,53,42,3,97,5,80,74,34,18,15,65,66,32,52,52,71,45,77,57,71,10,32,85,35,38
sample_605,58,1,51,1,71,38,18,80,43,15,31,94,20,74,23,61,70,37,89,3,99,23,69,77,75,56
sample_606,83,28,15,76,21,21,92,5,50,63,70,80,72,24,57,68,92,3,35,4,58,82,12,17,95,71
sample_607,6,48,54,29,56,87,88,75,34,93,27,60,72,47,91,62,90,47,76,71,29,78,93,62,56,38
sample_608,59,62,4,55,91,46,80,21,16,46,19,62,25,69,60,88,77,29,45,83,78,6,39,84,77,96
sample_609,82,37,42,47,18,88,39,10,68,64,13,50,53,74,21,52,13,56,38,15,63,13,5,86,32,41
sample_610,47,95,67,63,95,39,67,51,83,11,41,13,56,20,24,81,67,23,52,70,79,16,88,26,85,37
sample_611,66,68,68,21,58,26,4,30,89,68,79,56,89,54,21,30,21,27,30,21,59,28,14,63,38,98
sample_612,47,93,56,44,44,61,27,74,30,21,31,49,17,4,9,16,4,78,61,70,84,42,76,48,72,58
sample_613,93,27,48,64,75,37,91,28,5,87,83,10,14,11,91,82,45,38,45,90,85,64,74,62,37,54
sample_614,52,0,1,41,72,61,77,10,15,85,59,9,85,53,10,52,22,40,4,82,1,41,46,62,12,12
sample_615,91,38,70,48,71,75,30,15,80,6,99,43,86,79,32,22,75,6,75,26,0,18,69,94,71,37
sample_616,11,61,12,42,19,25,31,57,97,97,46,90,92,19,10,62,63,91,51,74,33,10,19,12,71,74
sample_617,20,36,42,93,6,25,4,29,97,81,10,57,36,72,82,50,43,48,54,15,76,71,88,84,78,83
sample_618,26,22,49,88,11,82,59,74,55,50,17,5,74,17,88,74,59,73,19,3,68,55,75,91,38,46
sample_619,47,59,45,0,7,57,78,11,97,56,53,75,64,73,15,17,68,92,78,45,30,36,32,6,18,96
sample_620,61,22,56,84,53,53,14,80,1,57,63,72,3,35,9,54,30,53,13,73,58,50,96,51,37,8
sample_621,64,16,53,95,90,69,70,46,40,42,61,50,50,76,20,37,42,98,81,31,49,77,46,17,95,43
sample_622,9,26,62,30,13,17,27,25,51,3,95,84,1,54,96,85,82,87,18,79,87,50,91,10,84,78
sample_623,34,98,28,50,34,86,81,54,92,50,29,88,71,48,13,35,30,3,46,27,49,91,59,39,96,7
sample_624,85,75,26,4,34,95,28,73,16,89,17,43,88,49,38,18,71,58,40,78,16,36,59,77,25,39
sample_625,58,76,77,69,54,6,87,41,36,64,54,42,63,21,15,47,76,69,11,10,33,10,31,42,71,23
sample_626,65,98,85,19,22,69,65,76,41,27,38,87,5,95,33,27,68,46,33,0,80,30,70,23,69,41
sample_627,80,68,32,13,49,47,7,33,19,96,75,40,70,49,98,18,23,1,57,94,84,0,90,37,1,43
sample_628,74,3,21,10,44,88,14,76,89,37,84,72,63,62,1,20,59,27,90,84,33,11,60,15,93,99
sample_629,91,76,51,8,85,99,41,58,52,50,15,22,6,47,64,19,48,22,16,76,5,60,24,88,40,30
sample_630,96,13,88,31,26,83,51,4,26,74,56,34,63,16,71,0,40,28,49,80,43,5,29,29,34,4
sample_631,97,37,24,61,85,29,10,85,59,95,33,45,62,51,4,73,19,36,37,43,65,93,49,48,73,36
sample_632,18,1,51,71,46,52,92,52,8,99,33,73,9,21,10,55,65,40,19,27,37,57,0,78,25,98
sample_633,43,38,91,23,48,92,87,45,1,86,42,58,49,95,90,58,96,60,53,73,55,9,14,8,43,0
sample_634,54,18,15,85,29,91,78,35,86,98,18,98,53,91,30,5,41,14,64,88,91,24,74,80,80,38
sample_635,26,1,96,29,6,61,46,15,55,59,37,78,7,50,28,18,18,19,52,55,62,68,77,99,13,5
sample_636,60,97,27,91,30,88,24,9,96,67,95,2,7,35,40,15,0,60,26,8,1,89,25,84,75,67
sample_637,71,64,45,82,84,27,53,14,66,39,4,66,36,75,17,45,56,28,62,49,0,67,72,27,42,43
sample_638,44,39,90,12,16,86,69,38,76,43,63,79,14,28,21,54,4,20,50,37,1,13,94,81,40,2
sample_639,22,23,87,98,25,61,18,23,9,55,15,22,60,38,73,56,6,97,96,21,43,97,95,7,33,93
sample_640,52,38,49,7,38,5,15,38,95,12,12,74,42,49,68,7,33,20,13,23,61,87,63,76,88,83
sample_641,74,83,62,38,15,71,25,91,14,32,28,62,52,72,37,9,14,38,18,43,33,37,18,55,91,5
sample_642,17,64,97,52,86,15,47,51,80,86,38,37,29,59,47,77,57,81,31,9,81,71,75,56,17,24
sample_643,8,87,98,80,99,64,4,57,51,63,67,5,70,17,77,33,1,95,81,53,21,86,89,42,2,73
sample_644,88,42,30,97,79,31,45,93,70,91,0,92,79,29,0,46,9,27,23,67,20,96,77,39,84,37
sample_645,59,90,41,43,24,10,55,15,17,76,50,56,18,71,22,52,36,0,20,96,63,10,13,10,48,33
sample_646,84,72,25,92,59,52,11,89,58,91,78,74,71,1,94,44,42,23,45,26,39,21,24,70,18,62
sample_647,3,44,65,27,48,19,51,73,72,89,88,73,27,66,87,84,21,67,61,55,2,48,36,82,83,28
sample_648,48,47,60,63,84,64,72,5,11,67,84,99,88,83,94,62,20,47,55,15,84,36,89,89,42,91
sample_649,33,95,96,46,68,6,49,68,88,67,33,84,55,43,70,13,78,65,57,93,63,61,94,69,45,14
sample_650,26,91,39,43,57,53,55,86,35,38,20,15,80,76,84,11,71,77,56,97,47,8,8,56,1,68
sample_651,94,72,9,42,80,98,51,76,47,46,38,77,26,61,90,88,3,18,73,84,8,9,65,67,85,33
sample_652,0,32,23,31,64,91,55,79,21,73,0,81,7,51,42,96,30,0,72,4,46,35,49,39,42,59
sample_653,64,77,19,56,86,60,1,59,36,24,90,33,88,21,91,48,70,87,27,92,92,53,56,74,65,64
sample_654,74,84,30,38,58,62,31,80,26,2,63,73,49,29,47,38,54,9,81,91,51,52,33,18,9,74
sample_655,29,63,38,16,45,39,11,64,0,48,62,49,1,48,28,11,50,86,77,99,38,31,67,50,56,35
sample_656,23,65,99,36,34,85,35,3,58,64,56,70,61,38,83,38,65,82,92,21,53,97,78,93,16,13
sample_657,96,37,17,70,6,83,59,95,34,83,75,42,46,73,80,76,22,3,35,23,34,42,81,94,60,68
sample_658,67,52,87,4,48,43,19,71,89,42,50,90,36,97,77,9,50,38,37,95,4,31,35,54,13,57
sample_659,39,8,46,75,96,35,86,91,38,27,16,56,40,82,13,72,39,5,63,29,55,54,70,87,17,78
sample_660,88,67,87,53,42,73,97,13,82,9,16,63,21,10,61,17,30,49,36,81,95,89,75,52,54,86
sample_661,32,15,25,6,3,78,2,28,9,84,56,23,34,5,34,20,31,35,72,3,8,65,19,12,57,21
sample_662,74,14,84,34,3,76,51,83,68,88,9,20,43,55,63,96,45,11,98,6,54,87,26,97,55,6
sample_663,48,69,85,53,35,51,61,66,1,51,33,75,12,64,35,23,8,29,91,67,29,32,20,77,97,37
sample_664,68,57,99,4,91,96,56,31,7,61,24,17,13,38,8,49,42,20,44,62,63,98,16,10,21,99
sample_665,49,8,51,80,7,12,74,27,26,45,7,20,54,41,40,24,9,49,79,3,89,72,23,90,12,54
sample_666,49,48,43,46,50,30,77,16,95,42,21,54,37,31,77,88,15,73,37,90,64,82,48,85,80,5
sample_667,34,47,91,10,16,22,1,93,70,40,56,65,70,86,86,90,81,76,11,88,54,2,1,7,58,64
sample_668,37,48,90,83,68,66,55,77,63,56,28,80,30,20,89,75,20,8,92,57,28,57,42,81,51,59
sample_669,97,8,83,97,96,73,86,47,14,68,20,89,63,67,65,79,21,54,39,48,74,21,38,87,61,21
sample_670,44,78,18,38,64,67,94,1,91,24,80,59,9,37,58,76,3,69,48,49,88,29,34,63,53,48
sample_671,14,55,66,71,8,68,28,48,63,67,38,21,64,1,5,31,99,35,17,42,58,24,76,1,20,51
sample_672,59,98,29,51,36,37,69,38,27,40,74,0,60,81,33,98,19,8,49,76,24,86,68,7,79,63
sample_673,80,76,72,6,59,60,75,60,85,14,59,27,0,92,54,49,24,63,10,16,86,57,63,82,78,89
sample_674,90,13,83,30,13,10,67,45,5,37,21,28,47,43,87,86,56,57,13,41,96,41,4,28,16,41
sample_675,57,2,32,29,36,30,35,48,21,39,80,10,72,82,60,15,54,70,5,80,46,15,22,70,85,55
sample_676,56,54,0,0,54,53,77,99,73,28,4,61,0,44,41,20,23,26,7,2,18,46,71,15,14,1
sample_677,14,3,6,79,95,52,0,78,52,77,65,36,65,53,36,78,11,45,61,12,26,53,8,64,85,3
sample_678,52,58,32,41,52,9,41,29,46,75,42,2,85,12,70,34,94,83,58,66,73,37,50,95,32,10
sample_679,23,98,9,89,69,14,58,30,83,57,1,88,13,40,95,24,70,99,69,60,0,61,77,28,26,57
sample_680,78,12,11,4,82,59,28,53,96,18,19,40,68,33,6,85,97,96,37,31,92,10,73,25,40,32
sample_681,91,13,34,27,16,9,14,71,77,94,16,23,67,48,72,41,45,37,87,66,22,77,91,98,13,77
sample_682,22,61,18,81,22,92,20,35,21,46,82,79,72,2,31,47,85,3,21,21,8,4,58,85,18,7
sample_683,10,34,72,76,42,70,22,26,36,22,99,95,9,83,81,97,46,31,21,92,35,53,48,96,51,20
sample_684,22,19,28,85,8,52,76,63,4,79,32,3,79,34,35,47,17,82,3,22,59,85,45,35,88,61
sample_685,15,45,62,74,63,0,69,50,35,58,84,76,36,33,19,59,33,52,71,98,88,98,12,64,50,28
sample_686,11,5,10,88,34,6,19,48,39,28,75,35,62,16,36,72,9,78,52,71,27,32,71,15,95,11
sample_687,36,13,9,61,19,59,78,38,27,3,56,4,81,8,18,24,22,22,10,67,16,61,28,50,84,59
sample_688,83,39,13,45,47,82,64,87,41,29,43,31,57,11,32,16,82,28,57,49,1,30,65,14,94,86
sample_689,63,81,33,27,92,63,66,29,27,39,87,60,97,91,51,41,92,70,35,48,90,64,1,21,68,4
sample_690,16,58,39,36,45,55,16,55,21,63,51,69,24,33,82,20,50,5,70,96,8,65,63,60,21,85
sample_691,7,82,77,78,15,66,42,67,1,32,66,57,51,56,70,90,23,56,22,69,33,77,50,46,12,54
sample_692,7,86,11,71,37,84,23,66,1,89,3,22,46,91,22,88,65,34,31,72,4,4,37,66,59,38
sample_693,48,1,23,80,9,84,81,27,94,83,13,98,41,59,33,93,34,7,0,25,72,98,23,80,94,21
sample_694,80,22,26,13,92,45,25,75,67,63,80,18,98,18,58,89,37,47,39,7,72,93,5,39,8,30
sample_695,60,2,69,2,7,40,64,81,76,96,25,19,48,57,21,41,29,53,74,61,30,99,11,38,14,27
sample_696,18,75,88,71,98,6,56,58,1,0,59,23,31,5,28,44,2,48,31,22,41,75,16,55,65,42
sample_697,65,14,62,98,9,55,71,91,1,29,37,78,71,1,6,23,20,40,46,4,94,66,71,21,4,3
sample_698,11,4,96,76,80,43,88,7,55,52,72,0,16,52,67,65,15,47,24,25,32,48,36,98,76,52
sample_699,24,39,51,87,86,73,56,98,85,25,67,96,95,74,66,10,6,82,38,83,72,90,39,66,63,50
sample_700,53,28,94,88,82,93,91,91,68,5,0,41,91,59,90,43,26,43,53,88,55,7,37,74,32,79
sample_701,91,38,0,65,70,29,86,64,17,69,41,24,23,28,93,36,74,88,64,0,65,40,94,31,50,29
sample_702,99,46,85,28,45,27,30,93,57,12,27,19,12,52,35,40,49,12,52,59,52,6,86,12,43,80
sample_703,33,33,53,17,48,16,28,89,48,7,5,44,35,53,91,23,63,3,31,44,88,57,49,81,17,59
sample_704,38,15,93,12,92,19,31,45,14,10,95,4,14,63,85,93,86,59,8,63,66,0,56,77,36,92
sample_705,95,22,49,33,75,32,89,23,4,85,98,62,30,11,22,18,26,98,67,10,23,15,60,21,97,74
sample_706,74,27,29,81,17,6,61,30,59,49,74,10,79,79,42,64,79,23,67,34,37,36,25,29,87,42
sample_707,51,44,83,53,88,79,84,86,86,5,77,88,56,85,18,14,29,59,62,26,42,63,42,86,51,56
sample_708,41,37,87,37,22,54,49,4,73,30,77,77,62,41,55,30,89,88,20,69,41,23,62,16,42,49
sample_709,42,64,33,78,97,79,10,3,34,23,74,37,92,60,18,1,42,3,16,31,63,45,58,31,48,87
sample_710,56,15,42,28,88,98,12,16,29,3,20,0,23,64,25,13,19,43,97,16,73,33,89,97,95,35
sample_711,19,3,24,69,97,61,64,86,92,30,69,56,72,74,20,49,54,94,32,73,30,84,79,57,48,90
sample_712,93,13,8,33,20,54,33,56,74,99,79,99,84,28,0,26,54,87,51,43,36,50,45,10,67,83
sample_713,94,0,94,23,57,4,56,52,93,87,72,53,41,18,92,13,70,16,22,53,87,3,12,17,36,73
sample_714,69,29,59,20,2,77,62,18,60,68,2,44,14,55,82,76,0,20,62,15,16,11,4,32,27,37
sample_715,87,45,86,3,53,52,31,87,63,78,60,81,2,0,58,85,7,39,37,5,54,14,2,2,65,62
sample_716,42,41,91,12,72,48,79,93,66,34,52,52,12,84,32,33,80,43,77,91,52,20,98,8,95,95
sample_717,45,57,17,40,74,28,21,11,8,97,19,4,38,93,36,19,17,71,73,57,15,49,11,90,29,8
sample_718,83,4,96,30,18,81,27,65,85,80,66,22,14,24,30,64,8,0,29,94,20,12,71,33,40,33
sample_719,32,83,84,47,0,96,20,1,94,78,99,89,4,42,33,2,23,74,40,79,19,84,36,78,23,39
sample_720,98,14,26,80,32,78,40,66,1,48,71,94,17,2,63,77,82,30,67,97,15,9,73,35,74,5
sample_721,57,11,53,61,67,97,31,17,12,20,89,43,14,50,6,90,40,60,29,18,43,27,87,82,69,91
sample_722,80,34,80,69,45,58,46,65,52,28,56,90,45,31,54,73,38,50,5,45,70,92,10,19,22,42
sample_723,71,48,18,76,61,96,6,14,29,70,80,45,38,43,77,58,72,69,30,41,32,66,51,60,15,33
sample_724,57,96,23,62,51,96,87,92,10,41,44,39,46,80,54,62,48,18,41,29,21,6,25,78,96,61
sample_725,88,35,52,98,46,70,15,70,3,70,35,44,76,77,64,65,88,67,49,10,67,32,60,92,56,36
sample_726,45,61,57,63,46,5,13,70,7,53,65,58,32,47,44,87,88,6,90,88,11,8,55,91,93,6
sample_727,30,44,52,34,84,35,85,27,49,81,4,60,84,61,65,32,46,16,26,80,6,22,58,23,10,94
sample_728,76,30,4,50,90,23,18,88,33,77,68,25,82,85,94,46,60,81,79,99,88,94,24,13,2,26
sample_729,54,98,19,24,84,44,62,78,91,57,1,33,38,0,22,99,1,92,2,82,65,72,73,80,44,78
sample_730,21,34,31,2,37,37,13,26,70,56,1,70,31,81,49,62,31,35,36,26,38,35,75,96,71,4
sample_731,58,60,83,41,36,36,60,54,40,12,35,97,60,35,82,3,49,70,19,7,76,1,29,96,47,64
sample_732,87,51,94,65,8,70,30,83,93,31,20,13,59,72,94,55,10,56,27,18,65,74,6,1,38,27
sample_733,84,59,64,51,54,31,99,49,22,3,70,7,0,4,53,31,39,46,33,31,39,75,37,9,57,41
sample_734,70,80,11,45,10,42,71,19,11,20,76,20,63,36,7,8,93,58,58,3,9,68,40,72,94,37
sample_735,43,15,36,74,54,60,15,76,77,99,92,15,48,27,16,93,66,86,11,23,26,11,55,63,35,37
sample_736,67,68,78,77,96,0,28,40,19,19,90,9,55,0,72,26,37,71,89,40,67,29,42,12,3,88
sample_737,16,16,15,70,75,98,10,3,62,50,7,7,73,56,69,83,16,96,60,69,52,28,40,98,40,95
sample_738,38,21,28,8,53,73,22,67,93,23,70,16,34,66,97,80,79,88,40,0,90,46,24,60,46,76
sample_739,59,92,17,10,45,56,50,79,24,91,67,38,33,8,22,87,2,53,41,38,53,64,69,30,67,29
sample_740,79,97,4,45,16,39,66,47,79,26,34,81,0,75,89,96,18,51,37,87,33,37,42,48,46,81
sample_741,35,54,35,71,88,64,76,46,62,37,54,60,98,2,33,0,28,73,7,10,54,75,26,45,52,32
sample_742,19,90,61,44,44,27,88,13,92,43,16,44,32,39,36,10,19,33,89,90,76,66,7,49,25,43
sample_743,45,14,83,92,94,82,28,5,94,75,86,89,88,18,49,3,53,37,60,15,66,36,3,53,21,90
sample_744,22,43,95,88,74,34,37,48,82,59,7,94,42,17,13,31,22,66,81,61,97,5,67,57,97,60
sample_745,60,12,85,83,95,65,14,44,3,4,39,58,19,92,90,78,35,95,77,48,65,80,51,80,1,6
sample_746,78,65,94,36,53,14,19,48,47,25,88,71,80,54,96,93,88,32,90,69,21,97,58,16,69,46
sample_747,9,78,32,97,37,44,14,62,1,3,73,72,64,59,95,40,43,82,63,9,14,6,52,12,64,56
sample_748,59,40,67,70,93,4,15,21,7,85,84,92,7,38,84,22,84,25,5,39,26,77,39,86,0,41
sample_749,17,0,32,96,9,20,81,56,6,15,50,6,75,99,92,51,33,6,3,32,24,35,49,15,26,26
sample_750,15,47,98,1,75,28,88,10,62,6,93,83,24,75,44,49,1,50,65,85,65,22,52,31,32,8
sample_751,72,62,18,21,12,47,39,13,71,59,24,10,54,97,99,76,64,69,57,46,28,8,65,8,21,26
sample_752,29,3,12,59,2,22,97,4,80,49,79,68,27,22,64,10,6,5,68,29,80,13,36,80,96,92
sample_753,58,85,57,51,70,73,81,73,89,34,75,85,66,11,3,73,65,6,45,47,39,92,32,95,9,22
sample_754,85,68,13,60,21,42,42,47,3,12,72,5,39,64,21,62,99,60,79,50,93,63,6,60,98,79
sample_755,53,26,61,17,46,26,87,76,14,85,45,82,73,87,86,28,15,4,87,78,40,63,16,57,44,29
sample_756,29,73,84,97,87,28,81,73,47,12,12,68,2,16,42,35,73,75,91,67,72,4,25,13,77,86
sample_757,58,33,30,62,3,32,18,17,57,58,63,68,70,19,65,88,50,30,14,25,48,1,18,14,65,90
sample_758,61,60,30,50,41,62,26,50,53,64,94,8,28,91,60,21,46,96,73,18,71,40,66,6,20,45
sample_759,40,70,13,34,57,73,29,8,33,7,70,3,51,82,1,18,73,68,43,4,93,82,41,37,27,65
sample_760,57,80,51,73,40,20,88,45,70,57,7,45,89,2,43,95,1,82,83,47,85,99,67,37,90,44
sample_761,68,96,14,58,1,31,37,26,19,46,38,20,80,43,42,2,99,43,38,23,13,89,62,88,61,71
sample_762,35,3,87,15,95,45,56,32,72,29,85,20,17,5,1,56,25,23,63,30,29,22,57,38,33,35
sample_763,41,9,34,0,30,97,27,32,70,89,5,4,89,88,95,93,62,95,3,11,64,4,67,21,44,29
sample_764,85,11,12,58,49,77,74,3,72,43,11,95,44,20,86,61,43,94,59,24,79,91,13,22,2,75
sample_765,87,39,64,87,68,69,78,34,96,36,60,33,72,65,36,84,55,25,39,59,72,25,29,22,74,53
sample_766,29,81,97,86,49,91,55,13,52,56,61,11,40,29,18,60,8,19,81,56,88,8,36,93,28,55
sample_767,28,53,30,87,9,49,59,21,81,19,26,62,18,58,63,80,59,4,73,30,65,50,2,66,62,64
sample_768,90,30,36,66,90,81,42,36,81,81,20,16,45,51,34,8,18,91,58,45,11,88,78,26,51,65
sample_769,75,29,87,19,32,60,79,96,65,80,97,70,82,38,28,97,48,66,91,29,71,13,51,97,33,62
sample_770,42,25,91,56,73,75,48,31,59,20,60,96,37,9,77,6,42,99,8,98,54,70,80,68,37,67
sample_771,69,59,72,75,21,68,2,94,45,27,9,2,18,92,42,13,71,1,37,54,18,7,15,14,56,44
sample_772,17,30,19,5,81,29,19,44,9,82,38,78,70,73,69,11,4,8,70,89,12,40,10,19,85,43
sample_773,74,56,59,45,44,61,67,89,90,92,59,23,65,20,73,69,68,18,13,44,38,81,73,56,17,53
sample_774,90,53,15,38,39,54,41,44,78,61,43,70,91,36,64,13,19,56,73,87,45,34,59,4,8,91
sample_775,24,18,47,18,19,33,71,10,43,70,28,2,7,47,40,25,79,57,23,72,25,11,58,80,81,65
sample_776,95,24,27,6,78,9,98,79,22,58,66,44,25,98,14,19,38,96,52,88,8,72,94,15,88,48
sample_777,40,7,67,6,88,77,94,56,34,22,99,85,24,21,48,31,99,44,42,40,0,95,6,29,54,53
sample_778,83,0,36,36,9,44,84,63,20,11,20,4,56,90,70,43,21,91,1,81,28,62,97,12,41,20
sample_779,34,25,78,52,23,1,74,83,17,20,46,50,63,70,78,2,36,61,72,21,14,35,62,43,99,12
sample_780,54,37,2,60,22,96,72,4,77,87,32,34,69,85,89,26,8,91,94,99,45,85,9,41,75,22
sample_781,89,94,17,81,44,82,52,79,13,23,92,39,64,43,32,20,82,60,43,16,98,46,83,58,77,55
sample_782,27,84,47,75,97,98,3,37,29,6,95,12,73,33,10,3,19,46,79,58,20,32,61,9,68,71
sample_783,49,20,48,68,37,9,49,67,95,67,57,9,89,55,88,40,68,2,74,34,55,89,75,85,49,58
sample_784,68,15,40,50,51,19,52,69,0,43,46,26,77,23,70,43,37,89,16,2,90,55,57,72,64,92
sample_785,20,17,95,25,56,72,64,16,58,54,78,78,78,82,63,20,14,71,92,46,78,72,99,34,13,54
sample_786,17,5,97,4,35,50,87,25,34,80,45,73,36,78,46,67,97,30,95,4,14,66,73,19,70,67
sample_787,66,5,78,98,59,96,80,39,29,2,48,62,88,36,35,42,78,48,36,4,46,21,85,30,20,87
sample_788,90,38,17,26,22,93,56,83,26,46,86,80,88,19,4,37,16,52,6,35,94,45,7,55,87,13
sample_789,61,54,71,58,41,49,12,42,44,26,33,2,15,64,24,22,44,18,76,11,87,28,40,82,14,80
sample_790,43,95,2,34,43,28,0,81,43,53,65,79,86,34,43,74,57,33,4,25,49,70,88,36,54,88
sample_791,5,99,35,5,84,8,18,42,89,3,9,47,64,59,99,2,28,64,30,29,96,14,22,43,63,68
sample_792,12,71,20,67,29,2,92,69,16,31,31,69,59,20,41,4,71,56,11,5,90,4,34,57,70,43
sample_793,19,3,82,52,78,15,45,35,51,12,29,66,76,30,71,70,25,57,86,25,84,43,92,16,78,17
sample_794,12,87,62,64,61,44,12,53,83,54,81,4,64,7,30,30,17,12,68,43,95,97,36,70,6,64
sample_795,56,68,13,94,75,47,79,15,90,82,89,47,61,33,76,24,35,70,72,30,79,96,0,56,92,30
sample_796,12,86,56,69,4,32,76,49,19,76,27,64,50,26,94,44,83,1,37,84,40,83,52,30,52,16
sample_797,1,98,24,31,10,90,54,72,41,63,58,78,75,98,19,10,7,78,39,74,69,19,14,32,54,97
sample_798,59,63,90,49,93,82,96,93,72,43,97,98,32,79,39,90,37,87,26,85,80,41,5,63,78,6
sample_799,16,24,13,75,22,4,6,31,90,20,99,92,47,4,43,80,8,35,62,74,40,34,31,47,42,94
sample_800,78,78,87,23,60,24,50,89,58,60,58,34,75,6,89,13,42,61,15,81,34,52,95,1,86,94
sample_801,5,27,60,42,77,78,9,43,90,70,38,2,85,27,92,91,94,77,26,43,74,46,96,65,5,92
sample_802,3,83,9,59,42,91,18,94,8,28,85,58,13,57,19,37,3,83,31,63,13,74,41,16,82,9
sample_803,12,18,6,14,39,89,45,30,65,63,37,53,21,80,46,30,88,10,54,15,63,12,17,18,70,71
sample_804,85,40,49,70,33,22,16,74,50,34,98,1,28,59,88,9,59,49,70,21,79,27,7,5,16,86
sample_805,24,99,33,2,46,65,24,20,29,99,89,82,98,24,29,11,79,99,58,47,8,83,3,40,72,98
sample_806,72,54,91,37,60,6,65,0,51,44,29,96,13,14,67,20,44,70,47,93,52,39,13,86,8,40
sample_807,57,23,29,15,50,29,13,95,14,96,92,7,58,33,81,34,98,9,80,5,95,93,97,38,98,35
sample_808,50,34,1,71,56,34,6,77,32,5,77,57,47,94,75,37,90,17,72,60,38,46,99,7,10,75
sample_809,63,14,67,57,29,64,79,53,14,54,8,18,96,85,55,10,50,62,49,50,55,93,44,17,47,57
sample_810,31,36,18,64,28,67,60,67,78,72,47,62,60,77,1,0,19,36,21,43,1,2,26,71,70,42
sample_811,90,78,59,59,4,93,95,78,29,54,1,42,46,4,39,5,99,96,5,98,73,30,97,11,2,4
sample_812,93,55,98,7,18,24,91,41,68,39,55,52,22,95,57,32,20,83,24,68,79,65,73,13,82,75
sample_813,94,91,15,92,9,54,38,40,40,16,15,62,83,9,2,41,43,58,24,23,22,22,6,4,22,45
sample_814,93,11,29,49,58,89,35,48,97,57,75,21,33,47,81,44,87,35,94,77,83,22,76,56,93,78
sample_815,89,63,81,92,23,72,41,14,15,6,87,64,46,58,17,44,62,72,74,75,58,91,34,75,55,88
sample_816,63,81,97,81,10,50,8,59,75,61,3,55,45,83,15,55,81,98,94,63,66,35,16,32,14,49
sample_817,95,11,27,82,63,61,87,62,47,91,35,4,52,89,97,45,11,60,53,81,79,3,17,52,11,59
sample_818,43,68,74,93,16,8,54,96,90,67,41,16,8,42,67,89,48,6,46,22,37,88,60,3,2,7
sample_819,92,76,33,50,9,96,1,7,60,48,59,12,23,96,7,72,72,34,25,53,88,4,79,50,4,86
sample_820,37,86,64,17,30,73,14,80,54,34,9,43,23,30,34,11,42,26,69,35,14,23,21,18,67,92
sample_821,60,67,84,26,43,49,87,23,82,19,7,39,71,74,11,39,33,92,62,86,31,69,35,21,30,55
sample_822,16,60,38,97,0,60,70,40,7,71,15,54,95,53,11,53,7,48,12,12,94,14,17,27,91,65
sample_823,45,12,31,55,74,54,88,90,50,26,95,92,7,45,92,72,7,58,83,82,78,32,97,19,7,13
sample_824,91,69,77,19,33,34,18,94,45,66,92,59,4,27,20,23,96,17,2,40,83,51,71,34,54,99
sample_825,92,57,71,38,33,87,61,64,99,2,98,88,62,85,10,46,61,89,48,56,15,9,65,6,24,2
sample_826,68,95,13,70,84,98,89,34,94,11,82,89,2,23,89,72,95,74,84,42,30,34,43,55,52,74
sample_827,31,86,28,51,49,57,16,79,14,38,86,52,38,68,6,8,61,41,40,0,42,58,57,21,59,70
sample_828,24,81,50,49,18,65,22,12,83,35,85,6,57,23,9,55,2,85,37,61,17,73,22,73,22,55
sample_829,67,23,33,43,91,13,17,34,49,67,68,46,92,18,24,30,72,9,47,50,1,12,62,86,75,75
sample_830,73,29,76,29,31,91,36,38,4,53,25,23,39,5,30,25,70,49,97,24,22,82,28,65,94,75
sample_831,33,6,79,28,86,11,17,41,36,97,97,5,91,81,60,50,56,65,68,40,12,9,4,76,97,93
sample_832,23,36,90,45,53,90,90,22,99,24,58,44,9,84,54,6,37,88,67,13,96,16,78,2,67,87
sample_833,19,16,99,86,24,80,95,36,80,19,83,93,65,36,97,95,44,78,47,53,79,44,89,46,82,80
sample_834,78,80,33,15,78,61,89,29,2,58,7,31,4,67,76,43,86,2,51,60,27,66,25,61,50,96
sample_835,1,43,72,75,38,87,22,99,6,93,11,1,53,86,34,86,0,71,35,81,10,41,90,12,99,3
sample_836,7,78,76,13,41,82,39,84,44,46,88,99,48,7,13,72,79,37,46,78,63,47,75,35,37,56
sample_837,67,33,30,46,0,85,79,37,79,15,86,82,95,68,89,53,19,22,44,73,36,41,39,34,96,44
sample_838,71,3,18,98,19,37,11,75,65,43,39,55,84,59,48,14,36,5,55,16,91,65,93,0,1,38
sample_839,56,89,77,59,32,1,40,77,86,44,63,21,9,39,91,39,62,77,15,70,93,89,32,29,67,25
sample_840,46,43,13,95,66,50,26,26,90,19,80,54,26,63,74,34,99,15,95,96,94,87,26,4,3,94
sample_841,98,32,3,95,52,51,61,67,46,90,63,84,45,43,19,17,76,58,57,9,31,16,90,40,18,54
sample_842,0,75,56,28,58,0,42,89,31,98,3,64,84,17,59,68,25,63,78,48,86,92,65,58,17,30
sample_843,99,24,75,10,30,89,65,73,83,23,52,32,27,15,13,35,8,9,31,68,27,15,7,54,65,38
sample_844,72,67,16,66,56,4,98,35,27,50,72,34,55,82,2,50,65,99,57,94,81,54,67,56,37,49
sample_845,49,98,3,74,85,47,94,78,27,37,77,88,21,2,75,3,87,62,71,18,91,70,57,52,18,66
sample_846,26,59,37,46,0,0,29,73,37,71,8,34,38,26,44,66,63,20,94,45,31,65,30,21,72,91
sample_847,63,9,18,18,9,26,81,17,57,29,63,2,75,61,73,6,97,43,88,95,70,90,75,48,40,34
sample_848,80,7,17,75,29,19,83,35,36,26,79,28,2,18,11,4,79,4,62,55,87,18,2,2,94,98
sample_849,85,16,85,34,94,7,85,33,64,87,81,40,2,87,44,74,12,54,10,41,75,35,9,24,4,2
sample_850,62,95,8,1,56,90,63,41,83,88,41,93,53,22,60,6,29,61,72,13,85,10,14,99,38,70
sample_851,91,88,15,45,96,7,49,9,66,2,45,11,94,11,26,86,1,76,4,3,34,7,26,98,68,65
sample_852,57,43,57,15,27,17,34,33,84,84,70,17,44,76,80,28,22,94,3,67,52,7,26,48,14,20
sample_853,64,27,6,59,94,0,77,61,14,68,36,97,97,66,37,60,13,25,32,76,87,88,17,96,81,25
sample_854,36,56,53,15,57,25,70,54,5,15,4,37,22,92,63,64,96,3,81,5,78,27,99,54,55,87
sample_855,80,82,93,7,3,53,20,12,69,88,20,61,48,17,34,16,88,20,94,67,75,78,84,44,93,97
sample_856,26,19,92,64,36,95,29,36,69,76,63,78,76,57,33,25,19,76,93,22,29,95,90,42,55,27
sample_857,66,52,35,75,49,99,87,49,54,38,33,3,47,20,35,8,0,79,44,28,2,63,86,26,69,94
sample_858,56,14,86,68,87,23,44,8,75,87,0,78,9,21,23,85,55,26,56,98,23,89,35,30,12,57
sample_859,21,98,55,6,54,68,5,1,94,25,32,74,15,19,95,4,36,82,76,5,6,27,89,87,88,60
sample_860,69,81,97,16,57,31,19,55,22,76,36,77,24,27,43,87,48,11,85,92,42,23,38,23,84,11
sample_861,34,11,9,85,93,82,32,35,71,99,38,31,60,5,11,12,96,91,50,76,68,24,40,76,13,22
sample_862,57,65,0,39,61,39,33,88,91,78,89,75,0,81,24,65,49,8,10,74,99,44,27,63,76,55
sample_863,80,60,20,16,73,49,22,82,89,64,63,21,57,27,97,33,2,57,62,41,53,7,17,26,53,0
sample_864,53,36,48,18,20,94,49,78,38,23,63,85,60,58,91,79,16,38,39,98,85,90,62,11,61,10
sample_865,23,6,73,42,20,78,35,40,51,43,29,89,62,40,29,71,14,50,42,74,84,74,41,36,6,86
sample_866,74,97,86,77,8,63,14,41,53,62,80,53,9,92,42,33,76,35,0,62,53,3,58,71,49,67
sample_867,1,78,10,11,3,73,36,52,11,22,90,32,63,85,80,22,29,12,15,90,20,31,6,0,91,92
sample_868,35,13,88,0,35,50,19,20,97,93,91,54,54,19,20,41,26,4,16,52,81,54,48,6,53,10
sample_869,46,22,65,88,72,50,98,77,81,84,53,34,38,40,59,97,48,20,92,56,19,44,26,97,75,15
sample_870,73,74,61,85,27,98,53,25,81,49,34,69,12,77,15,57,77,97,90,40,9,87,48,74,41,14
sample_871,3,69,95,55,51,73,91,57,57,57,2,11,38,40,30,71,83,99,13,81,39,90,85,65,29,86
sample_872,16,90,39,16,75,44,72,82,37,9,15,5,88,27,16,60,24,28,5,89,50,24,68,9,57,10
sample_873,50,59,48,46,62,41,5,26,1,57,81,76,41,6,7,73,62,58,69,41,97,65,47,7,89,12
sample_874,46,84,37,56,35,57,17,69,66,58,49,65,76,98,5,7,0,12,96,30,65,0,54,23,4,90
sample_875,29,77,22,19,21,63,34,7,55,54,20,7,5,95,22,23,53,28,30,88,45,92,42,87,48,52
sample_876,75,70,97,54,68,84,66,84,2,23,85,52,81,86,52,0,86,97,60,88,77,55,64,99,9,19
sample_877,84,39,14,42,26,6,3,44,84,68,71,66,49,93,4,20,11,96,92,57,36,6,52,79,86,87
sample_878,81,6,53,52,44,19,56,94,17,66,77,15,69,39,79,91,1,98,19,18,84,47,61,9,78,90
sample_879,27,95,97,27,79,1,32,19,18,39,19,50,96,9,62,56,98,28,91,85,62,82,69,86,50,56
sample_880,70,51,53,5,78,24,63,92,97,41,65,2,48,22,57,86,41,47,22,60,50,37,76,91,81,93
sample_881,12,3,61,72,32,8,12,1,71,39,66,93,24,81,45,3,82,74,84,41,26,56,28,13,39,39
sample_882,77,3,64,96,42,1,66,76,91,67,64,97,92,87,23,59,6,89,35,65,85,24,74,89,58,57
sample_883,32,29,97,28,6,67,95,23,62,66,8,42,99,70,65,49,4,31,38,43,77,0,96,23,78,81
sample_884,24,42,30,32,42,67,4,57,82,13,13,87,2,60,35,16,91,81,87,89,45,99,33,52,10,72
sample_885,46,86,54,21,83,26,71,17,24,44,39,3,5,30,39,10,29,82,90,62,32,49,66,82,95,85
sample_886,23,16,70,40,93,87,61,75,1,16,36,36,39,71,15,34,31,48,19,20,88,15,61,66,22,64
sample_887,50,36,67,36,40,67,91,52,98,4,45,53,76,10,80,73,60,73,86,29,43,91,27,16,78,37
sample_888,42,27,76,3,62,56,89,22,23,22,83,47,33,34,51,17,70,53,72,17,77,15,15,68,18,4
sample_889,73,74,61,22,66,58,69,50,45,0,37,71,63,17,95,32,99,69,96,10,4,53,38,44,95,6
sample_890,73,85,68,73,20,80,52,0,5,16,64,75,48,14,36,25,55,35,95,20,64,24,70,82,99,78
sample_891,24,55,24,43,85,20,98,96,87,64,60,45,7,6,29,16,69,9,49,46,42,1,51,35,66,21
sample_892,16,45,62,96,12,35,30,13,11,7,45,86,24,29,4,59,22,14,53,19,67,95,55,48,14,54
sample_893,54,28,88,54,54,36,75,76,16,81,76,14,12,68,97,35,96,16,48,17,94,84,2,13,48,90
sample_894,44,73,8,49,60,79,65,73,88,17,25,28,39,49,36,49,90,44,52,29,66,67,78,8,25,69
sample_895,35,53,37,40,51,38,1,61,6,62,81,40,22,95,26,11,14,51,58,88,81,74,41,92,11,19
sample_896,74,9,34,96,82,92,78,0,7,94,34,66,80,8,69,27,76,57,9,36,34,12,52,81,16,19
sample_897,52,7,5,28,20,24,90,47,36,6,89,46,96,17,55,91,94,76,10,3,52,78,72,70,83,48
sample_898,89,89,95,83,61,9,98,19,83,72,29,82,55,96,2,55,10,95,46,53,89,21,18,58,50,82
sample_899,20,33,73,24,25,82,1,10,92,48,35,67,99,37,16,76,68,67,98,30,51,54,1,97,11,18
sample_900,97,20,46,90,40,83,47,87,10,64,66,17,81,28,50,73,47,77,78,20,27,68,61,19,63,52
sample_901,45,64,6,83,53,40,49,69,94,96,4,11,13,85,10,88,13,50,20,73,45,16,51,97,88,19
sample_902,48,43,49,66,0,42,76,47,85,85,44,35,13,10,74,19,54,50,24,9,66,7,49,26,39,16
sample_903,34,84,73,85,29,73,73,19,78,91,65,52,36,69,45,44,14,25,48,88,61,62,59,88,13,40
sample_904,36,75,45,30,55,46,3,6,30,92,39,3,96,30,87,93,86,67,35,9,6,68,71,75,20,13
sample_905,73,35,10,82,87,25,29,15,37,12,16,11,19,32,7,82,12,31,72,91,55,89,31,20,96,7
sample_906,63,76,39,72,96,50,95,69,46,41,44,35,29,14,14,88,50,84,21,17,26,19,94,95,62,95
sample_907,63,21,45,80,3,27,91,83,76,25,52,18,6,41,81,51,27,21,2,27,76,62,85,81,15,38
sample_908,64,85,7,99,12,93,8,90,1,75,29,55,40,82,95,7,70,29,62,60,88,10,68,51,47,35
sample_909,1,23,86,11,5,89,77,61,51,54,5,88,24,2,2,8,8,11,75,59,77,21,41,34,74,73
sample_910,89,13,55,66,22,23,84,77,61,76,30,11,63,34,23,51,45,28,68,41,0,0,93,1,10,2
sample_911,88,3,59,2,45,27,98,47,88,98,17,4,78,39,79,1,34,98,32,79,30,29,27,9,11,54
sample_912,81,19,58,77,76,55,75,49,24,10,6,45,71,26,69,16,6,67,13,66,63,21,47,47,19,56
sample_913,14,74,28,65,79,64,53,48,86,42,96,56,79,88,30,73,1,68,7,48,71,32,40,75,21,53
sample_914,95,84,96,71,99,89,60,12,81,91,20,87,99,31,97,56,89,24,23,65,71,72,82,6,62,89
sample_915,43,35,24,74,29,59,89,32,27,62,49,61,32,35,89,32,11,90,44,61,65,0,73,26,16,84
sample_916,21,29,44,55,10,8,0,89,27,70,65,15,87,77,60,26,15,78,86,19,99,14,85,43,78,47
sample_917,77,27,11,98,28,47,42,84,74,27,14,7,40,50,91,2,26,45,17,65,44,46,15,65,5,76
sample_918,27,43,10,16,93,20,80,74,47,48,94,66,59,13,47,37,49,92,52,54,56,86,70,70,69,40
sample_919,63,40,52,27,16,95,49,37,81,68,82,19,67,74,87,3,72,63,65,44,17,14,32,84,51,25
sample_920,91,67,57,38,39,82,31,36,77,34,31,27,28,40,66,85,52,18,49,9,71,46,43,44,0,27
sample_921,75,63,7,44,0,46,52,22,20,26,97,58,33,41,37,78,71,46,20,57,63,5,88,31,77,75
sample_922,85,95,61,69,44,91,96,47,35,38,60,60,22,89,91,70,10,43,66,30,88,54,6,58,10,71
sample_923,11,96,41,57,39,89,74,74,39,80,1,59,43,30,36,16,33,30,1,36,44,66,94,50,24,26
sample_924,98,11,83,93,26,93,17,17,68,10,11,4,89,22,98,37,88,49,73,36,44,39,29,23,66,58
sample_925,3,2,29,30,75,6,99,27,73,38,91,81,33,34,92,77,87,65,28,97,38,15,11,34,94,61
sample_926,6,15,17,60,81,22,63,64,88,94,89,96,44,54,1,53,40,98,48,26,11,67,49,72,24,15
sample_927,81,97,63,89,25,14,98,79,16,92,84,26,78,65,41,86,59,84,1,91,97,32,86,38,29,29
sample_928,31,96,37,93,24,88,35,36,88,92,5,1,85,89,62,36,18,18,60,49,74,89,67,30,60,18
sample_929,29,46,47,90,83,88,55,51,44,77,5,96,26,13,78,19,12,44,91,61,11,39,40,23,47,25
sample_930,69,84,51,99,79,66,63,22,23,76,67,36,80,93,10,14,90,55,53,58,41,88,20,42,31,23
sample_931,29,0,74,34,80,74,12,34,5,74,32,50,93,22,30,16,9,85,59,41,53,97,3,20,15,78
sample_932,87,98,74,60,33,12,3,27,44,3,48,76,62,26,94,8,6,24,5,43,89,74,87,44,79,98
sample_933,88,41,20,88,54,35,99,19,5,72,28,74,54,44,50,6,48,23,40,36,95,54,97,19,19,21
sample_934,74,32,23,45,87,52,89,92,52,34,72,40,17,75,49,24,39,28,65,35,23,6,5,49,81,55
sample_935,48,21,51,85,51,59,1,44,19,6,44,21,35,89,38,39,71,96,3,76,27,53,27,19,2,47
sample_936,23,80,16,38,12,37,43,22,13,25,55,52,98,15,22,87,25,75,0,38,63,66,56,49,28,52
sample_937,13,20,42,38,68,12,18,55,43,57,94,5,13,49,14,36,98,48,96,61,27,98,41,99,32,15
sample_938,81,17,70,2,27,22,64,13,28,35,37,45,3,9,37,67,72,78,61,23,64,30,2,96,12,97
sample_939,5,91,19,37,70,91,74,39,88,27,89,76,50,56,34,94,23,51,5,72,16,57,11,64,92,89
sample_940,91,76,17,29,53,3,79,3,90,70,50,91,8,16,39,37,13,90,33,79,78,3,32,13,18,92
sample_941,60,49,35,71,85,81,79,15,77,40,2,22,9,91,43,84,50,65,25,5,97,69,87,51,49,9
sample_942,22,87,44,89,38,17,71,41,37,74,63,25,57,92,71,95,37,29,44,11,88,68,30,1,37,64
sample_943,94,13,47,15,46,19,94,35,87,83,19,22,51,10,12,13,12,20,82,67,3,30,29,36,66,95
sample_944,83,98,5,43,52,14,96,63,53,77,17,85,23,88,33,35,24,60,32,53,48,44,88,57,79,45
sample_945,69,90,68,73,11,61,67,54,8,61,2,0,15,8,46,79,92,20,20,27,86,78,14,67,40,94
sample_946,46,14,76,7,68,81,19,54,70,93,83,32,58,27,98,13,10,92,76,41,20,16,26,3,73,15
sample_947,98,19,16,73,5,24,96,98,41,56,53,0,39,98,16,64,35,88,65,56,50,67,43,71,13,24
sample_948,79,94,42,87,95,41,70,80,32,78,96,12,80,54,29,11,99,99,16,47,67,86,52,19,54,51
sample_949,91,20,21,64,34,50,4,79,79,8,68,21,89,69,34,41,16,42,37,43,60,43,64,63,27,61
sample_950,17,79,2,14,33,49,19,64,8,61,6,75,8,0,83,66,59,2,41,14,96,16,16,25,48,64
sample_951,67,5,30,62,4,17,14,14,82,56,92,63,69,58,48,83,15,48,4,41,9,11,24,13,65,13
sample_952,11,13,67,39,86,59,32,92,75,59,26,22,23,9,33,50,59,51,63,44,95,35,37,97,55,92
sample_953,69,96,77,30,85,64,41,7,53,41,89,31,67,73,57,0,92,10,60,62,57,48,16,84,99,72
sample_954,88,0,92,30,39,82,88,46,64,88,79,1,64,63,23,6,95,25,91,59,35,21,18,93,65,59
sample_955,96,27,22,44,34,65,10,23,7,81,98,74,5,81,87,95,27,11,43,21,62,44,93,33,54,56
sample_956,93,31,8,81,44,10,16,47,7,99,3,95,0,43,59,73,99,48,79,60,37,4,95,60,92,86
sample_957,20,36,54,57,52,39,16,14,58,52,51,68,53,60,66,28,28,0,49,10,35,34,84,33,52,87
sample_958,79,89,3,96,75,81,67,50,62,93,96,20,62,3,30,5,48,69,64,20,24,15,64,7,46,39
sample_959,58,13,27,41,1,24,49,68,23,68,91,11,99,83,26,79,65,40,79,81,64,54,87,58,35,22
sample_960,6,91,45,6,11,69,44,65,76,41,59,73,95,37,64,10,95,86,65,78,4,60,17,44,28,46
sample_961,52,5,84,39,2,49,70,50,52,17,70,46,22,35,20,35,23,69,32,52,87,54,6,50,62,60
sample_962,94,17,89,90,53,9,51,79,15,6,28,56,53,8,87,21,31,8,75,97,18,82,20,34,50,19
sample_963,5,3,53,74,39,58,47,15,42,38,43,55,69,11,95,98,86,48,77,42,76,73,90,13,54,4
sample_964,67,14,80,49,26,33,12,28,0,58,64,45,41,16,5,68,52,30,74,0,88,39,3,6,65,65
sample_965,67,85,41,46,15,97,29,6,50,80,89,26,8,29,21,92,12,56,82,6,62,85,16,1,90,37
sample_966,91,4,10,4,24,86,64,94,22,77,21,9,96,36,21,27,97,61,37,24,46,29,13,29,59,88
sample_967,39,52,11,38,6,74,60,58,52,73,27,6,53,88,55,10,68,42,18,1,96,31,59,38,27,1
sample_968,55,11,15,26,30,98,28,6,21,64,76,86,3,35,9,54,75,96,66,30,30,66,80,35,60,21
sample_969,74,89,73,46,53,86,53,14,10,75,68,75,18,4,44,35,35,61,11,84,65,0,50,10,33,36
sample_970,79,65,29,1,32,99,67,44,9,26,84,88,79,48,82,89,29,60,64,53,11,86,0,86,66,49
sample_971,99,72,46,89,80,47,95,42,22,62,40,69,40,75,6,79,70,60,9,63,7,12,80,49,51,71
sample_972,34,1,93,68,84,28,21,75,0,87,4,55,43,60,5,45,18,1,87,62,17,83,99,24,88,24
sample_973,77,35,55,70,12,26,75,59,39,40,27,62,28,94,91,96,4,32,13,61,50,87,74,94,15,50
sample_974,63,67,3,24,53,88,87,47,70,25,32,15,43,93,0,14,59,94,8,68,49,99,87,4,65,6
sample_975,46,86,19,26,80,89,41,75,36,44,88,44,34,50,60,45,1,13,7,32,79,8,73,66,61,62
sample_976,20,3,19,30,18,62,75,74,14,92,26,80,36,2,88,41,70,62,81,8,82,11,68,66,47,58
sample_977,46,27,48,92,71,83,52,15,68,28,33,74,3,32,92,94,73,86,91,18,85,54,48,2,35,67
sample_978,38,97,33,55,7,41,57,15,92,57,90,89,35,3,84,3,31,80,39,23,5,29,8,54,79,54
sample_979,18,29,11,32,94,4,60,70,37,1,0,87,83,60,10,96,79,44,52,80,66,25,16,20,20,75
sample_980,47,21,29,1,33,85,60,13,88,8,1,46,20,16,3,43,5,70,25,77,52,99,61,61,97,90
sample_981,73,9,28,82,62,72,92,54,91,14,77,79,9,67,41,61,69,21,98,20,64,52,20,78,55,34
sample_982,97,4,22,0,1,14,19,43,99,39,39,3,19,50,1,11,15,31,24,49,86,47,16,77,82,76
sample_983,44,28,8,33,32,62,9,4,36,49,16,68,18,17,42,31,19,16,49,41,21,19,27,68,87,17
sample_984,9,99,70,33,20,50,28,27,98,36,45,6,27,44,30,58,18,36,2,3,42,34,38,30,60,99
sample_985,14,5,14,46,46,99,10,54,77,3,98,67,87,67,77,81,38,66,37,44,74,60,64,83,95,36
sample_986,83,73,32,55,31,50,4,33,54,8,3,81,42,71,90,44,84,62,88,71,38,93,52,65,72,94
sample_987,17,42,64,12,65,43,67,21,93,63,52,44,72,74,13,38,71,69,78,24,57,78,93,48,59,88
sample_988,22,37,55,21,88,87,39,4,15,91,23,75,84,48,0,72,61,19,73,34,52,76,74,68,69,97
sample_989,86,49,10,45,42,44,14,52,89,44,81,25,55,70,42,31,2,89,64,52,62,82,56,12,87,43
sample_990,4,30,24,26,39,38,12,40,44,32,98,81,31,52,3,25,70,53,32,87,8,37,91,29,78,33
sample_991,42,23,29,73,84,55,41,49,40,3,63,32,39,30,36,62,3,21,63,57,6,68,24,77,63,67
sample_992,27,0,39,56,29,64,93,53,76,16,36,16,9,92,37,7,84,20,92,16,93,92,92,15,14,87
sample_993,1,98,57,2,47,32,41,71,15,84,90,97,72,66,26,73,30,41,58,52,60,48,16,37,35,66
sample_994,91,78,2,24,88,89,45,22,62,57,32,92,16,70,48,61,24,58,67,60,52,99,40,53,35,92
sample_995,97,62,79,12,98,47,87,90,52,80,79,25,82,62,18,40,58,26,82,82,10,53,63,94,99,5
sample_996,98,68,90,39,73,19,23,54,31,68,78,76,5,92,25,78,2,89,10,40,37,54,69,0,6,84
sample_997,89,76,60,95,49,71,81,18,76,66,45,78,29,14,21,88,46,46,43,35,97,53,32,98,21,44
sample_998,76,56,22,86,8,60,99,33,3,74,47,64,24,94,91,9,19,85,85,40,45,93,21,81,34,19
sample_999,57,86,85,99,67,30,96,96,65,20,97,49,78,96,7,23,84,16,53,39,99,45,63,76,87,49
sample_1000,23,74,65,67,43,66,75,90,0,52,7,14,87,80,13,55,71,80,34,92,55,21,3,85,24,83
